1000 9899
81 468
778 498
872 489
546 118
342 29
327 331
627 321
441 936
920 799
427 369
873 961
972 19
648 937
343 896
934 467
378 195
161 687
491 352
806 25
554 78
921 833
26 615
597 236
100 112
213 243
844 315
320 231
853 451
925 791
421 343
334 968
378 788
326 92
553 40
40 117
956 931
27 913
601 308
748 445
819 371
649 837
357 523
953 780
170 794
562 8
11 786
488 709
514 167
589 801
609 227
934 712
996 805
427 610
45 47
374 901
837 19
306 319
571 171
484 480
712 835
609 461
756 20
828 681
850 49
989 944
125 99
851 489
600 679
361 149
803 330
124 896
972 627
555 413
959 375
912 78
375 876
193 133
848 1
350 698
993 697
542 52
835 74
690 891
693 168
163 713
864 586
367 873
838 814
345 331
588 257
402 898
722 571
704 978
544 679
51 409
467 59
751 836
903 256
463 652
47 845
749 163
587 328
4 112
99 50
942 986
891 62
329 688
912 729
770 731
56 351
832 842
866 368
297 27
152 818
100 936
728 337
821 968
109 806
130 685
38 482
724 261
9 760
909 405
912 391
630 251
922 800
580 964
834 500
663 640
45 736
463 113
179 934
684 953
207 124
987 744
235 143
419 68
58 652
719 209
244 247
64 277
847 130
283 860
146 189
48 211
79 167
561 364
139 210
582 314
417 468
400 646
978 79
724 927
84 574
461 926
220 398
438 509
152 150
261 604
978 222
927 171
395 266
346 340
756 415
902 479
680 531
833 986
621 282
548 419
437 44
827 380
707 194
616 352
963 108
198 971
291 23
720 343
388 887
155 900
43 495
86 558
259 994
812 270
891 271
653 704
756 595
195 677
577 782
136 85
962 65
549 559
507 868
859 459
181 747
169 147
248 884
583 768
108 416
491 296
844 492
682 467
520 394
333 881
429 626
140 491
910 195
363 242
734 263
89 678
991 508
153 592
61 103
762 980
545 954
231 315
624 439
948 417
221 353
115 738
111 19
616 625
799 606
601 451
697 976
943 863
585 855
32 561
576 62
996 927
979 171
62 845
11 717
317 641
756 174
7 430
127 655
202 594
847 134
318 592
603 674
72 58
21 111
613 453
760 903
773 524
195 180
603 723
897 168
475 68
93 525
68 779
104 890
211 574
656 721
487 789
703 805
959 470
726 398
871 627
584 435
350 626
531 506
564 460
198 838
860 631
475 659
502 712
974 550
817 540
262 614
433 800
51 465
461 263
313 462
425 132
118 267
619 754
551 437
455 480
810 552
811 328
482 94
179 34
189 583
915 342
501 211
735 684
213 847
621 194
821 512
143 564
244 619
61 139
246 137
107 213
914 373
993 276
131 101
792 937
614 740
999 858
891 693
628 512
98 355
942 462
671 756
692 561
658 897
412 825
770 118
542 754
818 330
16 208
419 79
646 604
867 747
417 412
182 156
981 844
996 608
603 654
879 309
241 920
966 911
436 654
882 458
789 910
503 247
660 157
845 695
195 702
260 473
859 557
52 333
128 405
275 486
525 870
983 430
826 487
811 121
958 248
718 480
502 724
394 587
15 25
787 496
826 598
223 154
544 267
356 313
363 527
553 595
577 544
368 359
223 43
285 916
967 152
520 499
244 681
585 723
527 144
354 318
79 537
632 998
248 394
265 954
179 220
625 316
258 213
478 296
351 570
504 867
670 938
451 700
912 186
461 587
40 919
638 405
162 552
97 69
315 10
376 12
999 92
603 863
510 123
519 693
465 298
945 224
140 838
125 256
612 790
738 441
496 820
135 61
413 955
457 943
665 82
868 591
262 192
101 376
309 363
723 309
512 346
766 245
452 357
847 944
823 790
916 180
112 962
336 470
638 819
453 861
21 377
959 455
803 509
988 629
773 271
886 648
426 122
355 848
963 913
8 278
857 295
323 415
363 602
223 254
235 100
152 533
892 255
929 867
968 727
882 773
386 574
631 130
564 73
748 990
790 671
874 676
888 809
230 1000
212 355
13 846
142 146
145 94
650 309
203 416
840 795
886 22
27 975
13 48
923 84
755 69
266 668
943 186
212 176
126 282
553 148
900 378
650 870
23 232
819 377
420 276
961 536
893 733
840 471
292 814
738 490
173 93
357 768
840 294
989 219
277 79
524 192
907 200
232 438
208 463
970 990
101 156
747 422
828 573
133 657
725 855
814 760
798 157
616 593
531 514
125 247
56 994
590 99
573 879
315 579
926 933
683 348
793 428
78 422
523 247
462 513
609 563
394 289
584 374
17 555
753 680
740 121
498 892
870 556
165 778
674 859
325 765
258 124
916 652
39 367
630 462
251 141
180 135
808 616
722 830
469 175
587 452
75 40
813 890
891 842
326 507
520 26
579 761
728 221
13 195
840 878
553 470
718 824
574 316
652 414
709 731
179 788
75 999
576 128
10 810
69 205
970 920
670 790
983 754
178 375
807 97
172 345
870 768
339 184
233 349
715 565
129 394
628 370
101 943
866 699
121 496
231 847
452 8
514 31
613 978
846 344
996 46
671 87
853 784
822 449
21 110
704 544
244 281
998 134
285 297
598 263
879 385
257 264
621 327
224 709
777 593
445 859
860 338
916 108
332 859
632 305
171 479
191 16
121 812
86 814
641 211
436 969
871 707
342 503
591 704
631 439
523 352
392 254
247 398
893 504
877 787
626 21
721 303
227 248
743 942
673 460
394 551
282 373
632 749
642 56
854 124
342 832
750 189
756 854
835 577
873 662
285 544
976 722
134 890
71 19
200 968
203 411
994 482
373 999
874 860
411 246
714 997
856 245
114 901
540 169
616 479
361 944
931 636
942 348
67 866
219 687
951 662
623 885
295 850
154 62
871 415
286 531
469 647
36 62
349 81
166 681
740 774
338 194
729 563
586 108
932 112
550 515
383 726
918 39
760 343
206 429
712 730
784 71
477 694
276 355
25 37
980 459
488 905
254 208
805 544
132 866
439 870
99 785
741 674
104 697
211 767
249 560
605 863
720 611
295 359
116 768
15 676
306 872
471 777
499 243
59 672
100 284
513 190
270 530
676 561
555 448
133 890
194 888
698 440
560 425
464 478
906 826
581 525
360 159
983 425
329 848
97 899
363 278
42 439
133 28
501 626
851 779
356 171
268 821
472 872
950 589
807 972
4 783
476 559
762 585
119 84
468 732
325 693
568 113
198 476
577 229
479 461
340 133
692 210
235 857
44 897
155 56
657 222
929 529
273 213
662 553
13 160
501 39
826 900
456 632
556 139
908 824
254 304
837 659
595 340
742 858
785 348
753 544
597 671
189 649
378 615
343 731
325 444
589 735
572 979
888 721
642 1
220 53
24 728
399 447
419 281
93 850
521 801
617 840
428 217
871 839
712 980
289 333
641 456
718 206
665 450
115 55
319 129
983 254
211 309
710 189
741 440
483 392
944 150
323 211
381 313
925 203
946 995
975 10
198 892
109 335
551 824
402 881
206 648
575 182
428 541
373 243
859 195
473 444
825 87
792 264
122 925
673 27
68 603
363 605
159 812
915 66
591 809
833 349
88 660
144 742
290 956
973 601
756 799
206 424
397 413
861 664
451 636
193 216
636 868
412 382
53 636
153 634
500 423
28 270
914 299
516 11
754 554
773 740
867 281
986 681
296 879
727 902
380 230
115 550
331 549
353 109
316 343
64 504
603 781
822 555
676 215
884 786
921 264
685 287
478 551
392 986
671 860
504 94
175 525
610 318
866 660
940 883
368 722
157 631
52 130
961 550
974 918
422 837
760 254
867 802
279 656
263 650
357 144
125 404
903 494
185 697
859 30
353 553
997 832
579 204
711 982
548 350
78 133
54 671
358 661
911 417
823 885
742 879
688 442
475 608
769 313
388 244
369 317
357 340
569 404
143 233
699 553
259 996
711 406
975 844
930 351
180 98
169 784
259 629
7 703
342 4
731 361
878 488
271 250
937 506
475 599
469 2
985 486
415 783
342 805
948 971
151 769
777 466
817 977
624 753
951 52
863 18
819 152
621 220
291 531
526 17
196 924
782 959
200 814
240 968
439 296
316 21
528 661
502 328
140 203
213 907
624 46
515 913
925 830
253 575
516 269
244 405
150 7
481 188
33 779
175 432
465 416
41 564
245 316
859 560
628 371
115 800
480 483
645 144
914 866
276 319
403 733
794 316
823 955
903 3
655 738
803 439
162 21
381 159
590 973
721 866
707 787
509 827
129 885
557 269
816 905
391 717
413 53
108 484
818 737
450 58
949 20
950 759
499 164
726 366
177 803
87 288
901 34
778 319
265 448
138 606
940 131
881 416
347 588
351 12
482 493
359 561
71 125
109 202
476 755
477 678
294 932
242 493
151 805
78 895
674 606
363 323
843 125
221 673
390 885
122 38
984 181
32 770
216 95
126 742
193 9
682 324
222 21
120 571
246 143
123 688
224 489
23 77
210 724
729 272
748 84
513 28
109 526
109 995
558 813
11 666
1000 952
356 953
608 574
36 63
351 913
863 958
206 459
135 821
178 280
822 529
296 90
240 545
262 440
122 427
620 956
415 234
951 36
419 239
332 692
594 803
866 604
595 6
297 719
581 39
943 704
896 433
327 883
185 942
884 104
84 624
512 705
841 795
474 340
857 799
615 702
841 202
142 531
877 557
322 471
399 260
133 744
146 613
495 284
243 303
997 122
929 138
768 8
453 776
43 4
225 889
946 847
525 868
379 172
768 167
336 153
10 827
392 155
396 103
934 327
980 83
275 198
95 841
260 402
449 359
962 20
857 280
912 865
859 388
608 455
847 851
242 446
445 251
528 785
236 160
164 581
536 976
692 211
35 752
978 691
610 868
592 295
553 412
93 459
114 934
874 704
302 169
877 459
879 220
165 863
442 564
60 107
832 244
795 504
946 68
766 605
453 84
681 497
136 570
240 940
547 472
602 917
272 170
809 341
258 501
975 96
117 136
923 461
780 82
286 415
970 800
534 161
150 190
870 201
942 202
33 940
505 607
353 951
992 71
385 111
496 822
116 71
558 410
797 930
232 604
927 35
305 272
392 139
823 114
737 245
842 200
449 430
451 139
90 969
860 245
165 275
607 856
315 712
293 682
322 970
467 671
38 744
419 630
202 842
828 906
388 527
850 846
779 214
263 441
836 397
113 698
251 29
190 262
195 428
566 173
699 189
863 613
21 744
830 374
208 33
711 561
380 231
308 68
825 86
792 265
976 38
996 41
233 515
841 48
734 637
839 741
42 59
904 210
333 616
227 253
309 618
467 586
88 661
911 945
843 807
769 920
347 692
187 859
494 581
319 570
469 137
587 474
181 517
717 595
496 89
577 192
28 885
556 778
195 889
531 243
861 520
94 137
575 730
400 174
406 500
815 24
999 783
106 586
417 941
933 493
387 457
605 818
474 857
734 219
917 601
6 712
577 268
14 539
400 713
55 181
330 404
979 1
943 922
349 265
956 279
724 811
84 714
470 743
14 821
110 590
846 322
900 830
336 519
840 183
363 357
383 975
811 630
334 129
581 896
399 419
292 669
479 316
974 81
208 336
984 951
512 312
694 80
519 95
778 87
465 208
255 382
712 175
34 935
769 312
574 565
8 726
337 216
48 727
251 816
492 446
843 322
437 459
848 430
367 910
117 807
423 168
81 273
372 816
378 437
472 946
74 938
989 959
152 708
303 359
659 247
623 302
200 752
455 104
62 218
325 652
611 383
919 430
21 863
705 998
27 286
820 290
563 182
5 331
506 162
786 432
164 492
700 686
919 140
978 968
905 454
304 743
502 222
107 234
745 892
91 35
869 878
691 66
505 475
145 346
329 133
60 19
631 676
230 327
1000 866
468 312
642 309
112 354
663 105
752 18
595 271
36 107
917 750
747 761
614 424
906 625
471 328
714 274
456 510
510 177
594 828
138 342
690 363
429 469
603 566
901 843
331 959
908 261
693 553
340 967
849 283
577 852
82 394
234 337
771 660
10 78
86 701
342 299
717 501
20 27
82 684
306 932
312 217
845 17
691 855
391 605
584 261
87 178
290 656
823 638
685 633
209 320
17 533
755 461
60 685
136 229
669 5
817 786
5 397
805 308
874 952
143 275
381 804
140 88
518 709
243 831
385 881
486 445
531 186
861 735
26 446
544 63
657 240
14 407
821 525
679 419
670 802
469 419
933 468
348 724
519 799
334 611
18 451
616 592
671 608
586 392
434 909
613 919
554 938
944 578
231 62
287 248
788 819
182 454
883 631
41 902
704 66
616 782
780 431
686 65
31 116
198 743
608 797
590 669
787 454
943 707
144 916
625 802
388 758
851 352
580 354
764 519
637 271
999 360
306 663
864 213
719 857
958 675
343 117
290 99
590 46
705 938
171 428
197 720
128 505
402 760
719 639
613 216
82 656
47 742
30 496
71 699
489 378
560 427
155 663
431 756
308 97
608 423
426 20
392 156
856 609
547 259
537 836
935 149
276 630
796 381
530 305
144 764
18 221
660 732
347 683
208 755
213 14
53 501
436 483
511 873
757 577
557 837
192 775
106 693
658 28
79 538
192 950
857 191
19 539
39 996
27 996
931 538
198 15
606 152
667 52
705 377
690 239
965 807
692 609
415 282
115 588
671 725
28 633
90 589
724 918
804 458
861 231
754 889
426 880
98 757
984 718
257 138
222 562
704 221
832 770
262 421
923 637
317 710
67 527
665 166
758 563
618 142
926 735
414 499
680 485
747 498
674 590
837 305
591 326
918 914
225 585
408 87
409 642
581 828
582 527
486 432
732 440
52 445
534 605
719 595
190 263
891 502
143 151
163 717
451 123
856 974
202 974
506 715
952 481
904 324
560 294
800 789
543 551
552 686
142 964
604 567
700 822
440 164
21 969
703 173
317 354
265 287
251 226
749 159
701 476
606 856
326 500
464 617
867 141
69 658
431 95
201 618
806 57
523 793
910 235
289 962
52 791
914 150
147 765
296 193
939 617
13 572
420 162
627 778
79 879
299 871
749 337
967 300
127 83
457 419
466 307
891 638
474 806
201 934
240 943
68 402
73 124
847 392
672 616
267 396
602 793
642 112
475 289
560 969
282 323
965 206
107 730
115 247
944 455
600 809
768 693
128 788
519 440
614 126
529 543
859 869
716 938
1000 180
989 506
718 40
205 427
997 991
655 569
17 893
162 126
181 130
719 646
618 279
485 284
824 490
932 989
518 146
811 164
115 307
557 440
427 159
152 474
54 466
170 985
755 70
899 122
142 720
985 714
82 890
433 824
89 174
87 399
56 33
282 559
635 247
95 17
96 913
575 283
672 234
122 145
327 194
944 630
139 840
141 227
45 542
227 327
190 601
446 551
660 991
162 794
98 295
538 417
26 381
547 701
688 930
563 14
526 390
468 202
895 237
75 920
866 997
45 704
145 699
550 651
128 285
577 751
102 258
709 506
216 395
452 853
128 547
419 100
679 962
386 359
461 737
656 9
505 677
732 828
257 242
577 521
413 975
395 76
827 65
719 983
611 758
888 81
120 187
456 410
567 3
208 430
758 746
417 214
769 121
717 355
427 989
789 984
413 130
327 572
137 753
822 145
402 804
755 174
973 219
902 217
130 795
447 244
531 769
604 985
787 363
935 99
812 750
160 141
184 947
460 208
208 889
530 458
786 864
385 941
423 941
62 247
688 514
621 412
70 674
873 667
179 38
382 739
332 104
429 692
238 758
575 541
615 544
896 984
435 366
623 769
777 386
792 941
903 767
338 415
508 453
164 231
537 587
240 837
168 226
305 959
839 958
291 252
112 42
870 848
638 460
126 160
236 544
607 563
81 609
926 593
158 767
138 745
624 441
552 422
1 160
723 410
352 220
922 216
682 1
432 100
489 85
737 239
159 352
551 674
951 196
954 88
20 803
7 172
144 955
276 51
647 92
940 234
82 766
431 913
323 248
587 871
575 357
626 963
557 274
483 715
531 684
471 257
823 556
955 604
691 344
411 762
803 512
751 633
560 315
835 371
618 513
76 85
630 724
522 843
321 154
564 194
431 469
568 133
17 641
604 707
627 610
131 393
959 867
123 387
277 800
973 515
838 643
307 121
199 959
153 611
170 707
601 29
839 239
52 675
877 307
575 561
942 717
670 799
809 803
930 952
715 434
420 30
773 542
151 414
870 530
107 66
18 561
75 928
387 380
487 439
734 140
33 490
246 884
176 840
177 225
857 583
577 944
611 592
970 689
93 2
510 345
594 148
372 282
727 400
272 616
38 671
681 988
521 695
414 146
876 873
380 39
998 476
690 997
358 639
841 535
497 217
206 643
725 913
369 997
998 431
115 710
826 276
384 751
539 853
263 465
686 760
104 84
161 499
221 803
281 778
48 523
75 290
321 102
952 192
22 670
332 290
136 13
445 29
679 675
263 908
30 937
535 596
577 696
787 863
368 101
187 571
776 204
541 468
763 364
541 679
658 144
754 553
496 313
44 759
500 465
675 943
144 165
478 264
151 418
173 294
653 28
698 647
849 881
222 781
408 585
10 645
943 823
819 381
99 269
420 272
192 351
374 587
305 80
586 66
679 942
978 441
552 382
849 428
336 761
245 583
549 531
270 828
680 450
111 866
561 65
345 750
181 272
79 3
30 646
632 170
172 181
894 302
328 843
992 306
901 664
299 58
211 918
660 889
324 671
716 649
773 478
573 988
87 168
788 253
683 481
705 553
557 456
320 713
237 140
644 476
517 874
77 803
522 944
587 666
881 441
701 398
481 555
34 617
838 980
865 653
242 452
80 503
377 347
75 44
204 199
506 160
145 62
933 173
240 124
203 320
666 616
259 50
923 75
31 606
131 506
142 285
718 828
72 532
235 64
718 687
476 302
611 829
705 288
429 160
454 381
2 146
790 251
406 240
83 101
514 249
788 904
400 825
222 632
408 468
652 79
376 72
714 593
710 989
292 846
409 942
546 569
728 652
6 846
76 648
846 348
991 861
751 481
698 223
570 405
972 545
756 504
663 924
724 670
67 117
341 638
698 909
821 260
162 131
436 806
677 273
241 442
150 672
29 977
690 941
195 473
461 929
881 746
536 59
42 332
7 85
402 369
646 211
81 371
393 143
933 130
217 851
751 778
226 643
483 48
484 735
731 374
803 837
200 750
644 327
852 546
673 433
240 186
807 778
96 958
351 158
679 441
264 154
908 675
83 755
255 370
769 887
41 456
939 547
429 593
122 37
710 482
783 338
217 271
116 841
735 949
113 494
231 621
835 867
361 948
621 826
415 659
769 420
999 849
66 687
857 840
681 410
615 769
913 831
421 608
64 291
912 113
676 234
434 749
127 840
93 936
331 895
959 377
689 865
211 421
710 825
968 296
733 120
435 813
37 545
903 322
140 814
159 210
879 707
678 680
426 591
23 611
543 120
570 454
884 154
138 230
68 943
675 129
651 920
543 414
158 184
768 924
536 991
848 330
846 197
495 281
225 781
262 906
636 297
893 182
398 378
695 480
13 107
760 757
264 890
816 775
40 50
29 38
711 590
877 866
329 852
20 287
369 75
223 368
621 349
240 504
916 721
78 700
798 661
584 513
126 980
821 220
971 195
863 433
151 981
243 876
655 421
217 73
127 347
271 477
365 466
463 837
265 556
308 598
883 902
455 737
938 717
502 260
583 229
143 900
259 155
763 544
502 439
620 110
88 359
144 201
474 832
24 911
222 790
171 800
44 562
942 495
748 458
329 44
476 133
103 102
13 378
453 371
202 693
404 841
850 265
758 902
157 623
177 113
31 106
417 450
59 117
405 97
619 74
637 672
448 652
124 597
614 405
24 331
776 986
581 937
551 577
238 324
111 958
257 475
280 100
724 615
637 386
489 338
586 576
185 728
884 365
916 724
711 780
732 297
238 422
590 187
242 29
958 959
636 333
820 900
731 99
526 594
284 329
692 382
33 207
717 157
447 632
18 133
372 63
237 15
894 975
137 771
835 511
69 783
415 791
697 258
88 775
490 999
697 371
209 589
611 469
98 224
173 754
389 565
88 950
913 187
112 12
844 341
776 205
466 201
890 247
698 835
670 745
880 546
678 212
540 237
13 43
396 181
288 534
936 386
60 10
79 798
908 216
891 624
73 145
861 856
148 677
365 873
349 100
554 98
562 956
945 293
656 144
385 85
841 950
845 708
420 273
82 240
547 326
452 898
115 840
206 177
135 143
315 267
372 200
957 130
323 772
250 812
278 620
372 383
552 669
717 381
185 852
632 50
603 378
569 702
378 51
99 523
840 250
592 320
59 78
185 54
632 393
725 948
925 178
447 210
307 583
186 584
651 654
195 282
824 202
623 186
583 728
240 256
739 806
616 187
389 887
907 966
235 519
270 10
844 411
57 959
388 433
317 501
411 112
53 687
236 235
540 122
971 24
38 679
758 352
882 378
674 172
630 174
740 698
389 698
586 256
296 78
27 942
268 396
753 642
519 11
945 671
253 571
715 714
747 535
278 972
409 147
31 780
382 16
548 9
269 536
571 376
989 137
324 56
589 628
186 185
576 321
335 984
193 951
233 98
73 713
609 271
771 520
686 373
121 725
565 620
395 300
147 447
516 988
612 521
224 730
770 866
525 922
17 863
399 228
589 295
488 110
773 471
253 306
181 21
422 289
483 341
217 801
151 722
835 153
373 249
275 174
833 360
652 996
56 882
324 801
973 396
612 220
995 172
227 54
446 276
325 621
218 479
791 640
846 725
596 552
225 31
78 553
605 678
731 535
813 857
26 445
482 203
523 803
763 166
356 752
571 875
827 709
990 115
661 945
847 526
390 837
907 715
154 118
3 20
524 754
486 877
600 162
853 688
945 284
951 258
697 871
297 872
426 62
724 136
829 534
240 549
707 695
854 406
653 261
927 442
486 222
510 208
556 464
206 233
451 258
788 643
590 787
157 739
724 989
49 227
603 644
505 594
551 604
272 526
718 247
132 766
63 774
907 100
159 499
37 915
276 61
349 897
834 611
997 21
581 726
307 737
72 314
565 119
405 512
711 696
473 314
290 320
399 38
312 248
702 389
815 750
119 269
363 743
894 786
437 256
459 200
206 583
65 881
7 626
963 840
518 378
575 127
152 575
852 720
782 319
650 577
806 129
972 153
654 760
32 68
325 577
911 974
880 312
94 262
776 67
781 462
784 574
164 464
695 980
735 27
956 852
137 949
616 401
528 563
434 426
505 182
364 143
151 43
10 909
687 85
118 822
583 228
16 374
568 707
537 948
539 66
44 668
1000 814
106 997
876 129
490 324
953 932
678 395
650 844
846 755
598 594
182 417
884 827
560 593
64 256
118 759
945 137
339 134
547 429
785 480
235 297
680 202
862 726
370 528
376 783
908 490
858 781
283 813
344 735
37 708
992 52
174 423
694 302
362 975
275 588
646 717
996 514
690 641
985 823
401 870
916 195
42 592
133 679
686 429
923 781
917 231
21 274
615 462
214 301
17 807
775 968
133 857
831 182
355 713
746 410
68 674
289 203
175 461
953 28
321 346
639 974
730 950
142 856
790 964
170 97
868 24
502 778
565 24
409 730
290 582
863 263
459 69
479 14
134 607
212 423
379 308
967 229
706 113
374 227
35 771
198 317
143 340
610 917
403 763
726 999
478 221
14 419
164 500
661 76
214 440
540 127
221 303
675 182
701 44
683 609
503 728
770 871
827 634
904 737
202 500
315 191
268 207
36 115
148 533
633 25
851 78
814 70
482 567
230 441
858 894
750 832
418 815
898 229
58 262
22 405
323 886
31 73
417 493
840 892
681 540
166 980
779 443
552 271
224 832
405 245
79 450
465 42
48 30
466 773
215 130
219 387
517 660
989 503
707 826
655 570
677 990
968 174
495 483
598 454
85 611
530 688
837 564
769 275
631 752
259 858
722 500
261 136
9 359
212 858
945 595
696 679
513 823
364 621
436 98
823 534
595 751
66 483
431 681
644 478
812 660
279 250
968 618
14 664
222 369
703 194
322 315
749 128
950 953
331 43
4 83
409 255
193 14
302 408
274 457
331 184
904 498
140 482
982 377
160 288
434 131
861 616
787 893
19 487
683 572
817 278
796 245
9 210
728 163
681 19
19 596
359 460
585 793
663 244
61 322
390 632
562 489
250 397
314 686
97 60
706 904
221 141
465 731
362 239
257 247
955 24
63 527
104 154
384 975
664 950
353 735
746 30
305 348
969 96
439 905
461 81
923 836
764 622
400 805
380 871
698 76
185 887
591 315
996 425
747 919
559 272
901 762
439 687
613 160
225 743
493 226
759 715
246 570
615 999
273 534
518 12
61 623
242 341
18 140
636 485
712 429
414 533
367 543
631 290
389 217
851 994
695 813
735 256
719 94
901 190
243 658
982 443
126 777
715 981
532 510
626 497
790 750
5 282
902 536
203 175
777 726
912 536
700 567
971 7
791 752
494 752
546 544
562 728
411 204
250 92
839 4
507 615
734 490
717 744
44 810
247 633
654 171
213 825
348 720
404 738
169 291
631 791
980 29
981 452
140 228
624 79
532 818
718 649
320 314
300 994
377 177
433 199
611 356
145 715
662 67
258 413
166 818
852 309
157 649
638 322
470 688
568 868
131 550
45 84
564 964
121 406
323 846
215 356
876 610
626 653
712 919
2 777
759 875
413 139
816 253
138 473
379 615
443 470
745 186
525 556
140 526
237 526
608 238
516 945
497 929
203 502
347 227
683 928
191 50
391 556
307 529
608 460
560 431
299 405
360 133
837 925
753 350
94 602
575 233
323 424
34 717
401 342
476 910
95 948
227 196
599 356
714 734
622 63
199 154
40 545
421 236
139 869
708 684
431 71
517 66
946 396
731 626
951 957
919 323
155 62
51 65
913 110
308 592
862 155
563 218
396 147
434 986
640 849
678 313
75 980
848 724
922 839
621 975
291 780
860 705
594 591
480 211
519 541
421 514
693 986
568 913
278 868
335 893
466 252
338 472
403 140
325 771
900 839
6 914
289 654
822 272
626 689
194 393
30 167
547 27
254 833
933 897
185 830
516 774
814 743
998 320
214 435
660 201
663 966
333 479
962 433
941 719
786 739
574 517
169 739
557 336
561 917
670 113
376 685
377 204
358 973
536 117
134 154
800 698
29 8
412 176
237 165
241 162
5 47
377 610
449 445
692 495
251 9
610 688
498 930
585 859
764 457
14 134
731 688
513 613
553 688
35 971
75 436
627 579
648 220
904 166
126 833
498 222
914 3
460 505
820 361
35 659
861 515
549 250
511 926
903 802
631 953
959 614
753 779
662 719
790 496
334 556
579 659
819 416
605 399
92 742
109 576
59 471
900 743
762 154
156 535
275 567
895 90
897 623
628 583
975 210
278 38
463 494
391 381
505 284
440 861
974 926
811 124
446 175
652 166
799 273
747 224
220 96
130 152
225 286
689 175
357 777
899 305
750 816
45 230
95 768
148 372
721 606
727 718
353 690
923 714
233 132
414 467
381 4
770 347
404 77
862 258
486 449
842 633
367 70
277 136
428 330
608 150
266 396
86 773
487 894
950 370
897 358
630 966
674 112
949 58
436 99
43 807
419 887
506 362
406 783
225 932
941 934
104 179
858 68
588 349
240 435
562 832
156 145
284 11
485 587
400 845
569 120
132 154
540 783
407 501
392 39
526 846
194 463
583 875
195 570
128 51
767 174
536 926
442 949
556 545
744 769
621 69
749 16
970 463
919 282
759 219
799 800
467 331
285 710
624 838
257 665
861 722
162 790
209 218
416 522
532 680
614 752
830 909
634 18
363 8
60 479
810 601
598 552
385 557
16 462
453 23
736 477
757 121
261 996
888 264
705 470
338 217
447 969
512 814
50 165
32 696
141 378
97 520
606 886
862 284
645 826
121 581
135 860
871 86
512 989
514 103
3 502
206 147
832 846
742 449
447 687
304 183
33 623
197 820
755 886
862 574
439 795
336 728
44 169
727 484
675 25
968 493
760 71
243 59
120 302
546 278
655 744
267 795
470 998
107 984
237 553
57 323
770 647
390 231
543 423
267 872
343 221
898 522
189 695
488 725
1000 188
307 933
290 685
988 564
38 791
388 226
750 106
855 821
344 333
451 958
808 700
146 63
493 916
95 992
152 596
448 315
722 910
952 251
436 276
477 672
739 213
563 291
673 295
216 182
806 69
389 523
175 30
820 289
98 25
886 38
567 665
198 36
495 674
576 884
577 429
475 949
690 196
763 390
708 478
639 315
623 882
240 889
47 310
703 743
443 45
960 241
111 68
472 712
174 175
322 994
790 117
926 597
49 7
233 290
659 954
699 461
756 138
870 182
638 210
861 465
152 167
593 830
690 667
505 935
883 182
367 9
722 8
318 711
979 651
674 359
175 918
720 489
112 990
441 248
8 949
337 959
104 862
910 954
696 514
604 155
581 613
902 185
13 670
321 630
803 516
381 624
430 80
517 798
354 508
531 910
454 579
311 974
720 53
235 560
142 924
125 764
327 96
826 705
133 337
777 387
887 40
744 970
708 685
942 458
238 948
757 588
897 608
619 615
195 899
605 648
236 45
900 494
459 790
958 316
653 786
670 752
982 678
605 569
291 977
97 770
278 313
415 368
877 453
74 50
899 63
222 138
339 938
235 13
897 514
92 690
496 767
975 249
614 523
980 161
158 573
253 993
913 792
588 611
644 664
529 840
897 812
466 253
34 473
982 220
648 942
742 393
727 575
414 500
842 499
719 166
935 530
749 981
225 467
820 754
140 604
782 409
591 333
561 170
689 509
817 256
834 994
974 970
58 164
721 940
561 827
120 469
660 185
863 978
60 925
612 338
495 318
777 995
561 916
669 30
988 589
350 562
423 130
265 32
566 342
18 280
347 609
32 388
16 220
102 90
872 236
749 154
147 802
991 237
286 301
393 422
109 140
551 373
95 73
442 74
844 336
826 967
834 346
674 755
686 291
458 102
62 636
398 250
567 705
365 725
738 17
61 316
762 155
67 803
231 236
605 319
184 857
461 615
692 753
805 830
954 472
905 872
908 57
968 276
788 615
537 289
644 515
975 499
98 517
617 755
129 826
948 953
642 252
171 700
278 752
101 307
139 90
33 563
522 489
794 338
490 125
300 495
106 298
512 715
371 898
926 478
696 587
586 611
65 620
284 650
859 6
845 103
424 797
684 171
423 209
428 617
216 671
453 970
422 395
228 462
319 785
109 445
772 661
76 551
853 177
669 59
484 807
35 963
329 738
240 259
689 223
282 552
464 699
543 919
552 646
971 140
302 414
178 856
859 853
36 590
791 839
652 688
389 534
980 713
202 165
114 921
299 167
65 379
268 312
514 544
252 783
404 712
166 475
49 550
248 458
890 121
175 347
790 268
631 674
944 604
980 106
800 464
766 671
660 614
827 777
162 117
331 710
300 911
73 3
550 543
419 107
2 1
615 629
10 564
784 83
396 265
569 744
550 622
609 34
116 22
963 503
799 133
234 185
571 234
538 913
794 263
941 436
103 393
585 410
824 830
290 230
920 337
314 224
334 231
660 275
38 638
444 254
621 962
307 646
380 976
767 708
769 493
219 82
350 744
523 186
873 177
525 1000
582 731
416 286
570 243
337 892
156 464
708 773
774 235
272 993
147 15
683 449
117 773
560 276
265 120
655 965
230 824
534 888
973 312
647 571
593 365
385 928
27 323
504 660
265 346
344 509
132 14
706 439
925 727
469 331
473 776
446 89
99 194
874 836
805 857
929 525
201 694
994 220
390 971
907 764
535 495
517 193
156 600
144 112
897 598
67 904
619 87
838 247
567 815
590 628
686 75
248 51
512 954
194 652
836 867
927 52
729 725
949 524
271 560
741 682
7 26
782 556
862 938
333 168
443 488
546 660
712 15
803 344
290 125
535 858
372 1
239 393
907 502
102 766
432 982
879 18
111 132
668 761
371 747
930 645
105 315
214 375
198 776
345 452
436 949
73 853
475 857
116 605
873 830
233 671
640 457
164 799
254 743
595 681
394 624
893 404
617 184
403 258
924 160
63 340
18 215
611 300
298 359
47 800
260 94
329 523
458 353
478 100
43 569
859 587
982 308
485 868
877 162
841 964
623 578
626 354
114 590
706 266
507 517
606 243
528 581
446 992
253 670
242 587
109 602
607 239
644 891
169 285
245 42
193 391
286 740
468 271
514 411
770 817
843 461
535 499
810 542
975 248
433 225
275 770
97 92
175 45
249 777
698 974
737 44
774 619
779 259
637 715
983 547
549 405
71 849
310 395
936 998
67 339
618 136
103 320
975 316
427 890
564 841
396 567
756 397
189 796
164 27
532 593
106 326
604 201
56 975
660 526
384 966
286 212
101 65
393 920
464 35
337 811
929 175
433 589
888 189
904 507
607 876
730 949
927 765
273 732
846 967
629 932
959 172
506 832
516 96
256 605
700 645
119 48
356 454
412 80
731 690
311 834
597 293
636 781
344 437
200 953
233 979
597 150
653 676
692 190
307 88
880 438
990 959
353 298
596 466
529 495
542 382
251 439
535 305
402 463
222 212
430 760
653 902
320 62
987 265
112 238
496 653
745 794
806 643
653 23
781 34
31 903
857 644
553 509
328 470
631 881
573 192
282 427
519 304
448 863
415 673
828 923
409 36
62 814
266 999
853 545
92 437
310 484
737 72
682 606
477 333
150 349
172 509
235 423
58 500
319 463
301 816
728 548
6 783
452 605
305 390
604 62
636 265
849 321
155 880
279 910
945 756
198 950
180 677
897 203
669 359
872 269
245 789
157 179
897 356
8 733
116 614
472 522
897 405
276 982
557 451
617 360
564 353
233 599
255 918
471 693
275 150
276 581
354 421
545 116
400 106
307 873
234 843
74 548
530 720
753 240
441 755
61 810
324 856
436 306
866 443
915 886
397 441
256 839
593 546
478 60
351 822
213 527
9 689
241 205
87 856
843 38
437 825
166 329
724 291
501 118
84 194
156 855
140 364
801 558
101 769
619 844
657 47
732 613
70 4
684 908
364 353
511 146
439 337
666 279
540 380
245 482
766 668
434 883
352 488
207 90
27 704
178 364
474 233
110 787
555 898
628 724
496 919
281 77
174 256
456 374
328 208
1 350
991 971
758 962
563 720
453 472
408 247
599 571
451 187
508 312
400 619
152 252
468 472
111 104
11 131
177 671
309 426
422 635
191 312
389 258
998 270
379 442
436 212
33 988
881 540
664 198
385 507
669 331
664 117
993 767
143 389
1000 205
775 723
6 311
564 325
468 594
769 575
495 812
241 104
406 920
246 731
840 297
565 93
199 179
920 556
195 536
89 61
71 117
398 223
415 632
901 348
165 65
885 27
9 685
605 723
165 978
94 72
792 772
387 104
523 948
447 534
491 44
742 488
666 760
748 34
617 692
352 175
187 874
774 866
701 962
176 723
675 763
261 966
387 663
260 687
784 33
635 104
71 735
366 661
183 33
520 635
492 920
871 116
728 766
712 707
953 735
555 895
37 556
102 2
304 85
486 173
915 663
879 718
236 245
372 268
766 116
180 639
145 788
572 661
168 691
760 941
353 617
706 408
802 174
608 225
253 118
427 63
873 3
582 693
94 831
494 117
366 847
959 469
670 24
690 842
470 931
164 905
145 194
842 913
368 548
811 226
651 893
694 829
204 9
9 13
284 401
450 905
623 254
237 79
424 756
239 110
227 201
465 377
415 830
757 729
976 336
207 696
6 622
619 712
318 759
368 148
345 720
237 369
165 148
682 14
942 564
544 483
356 513
71 238
703 485
784 475
155 22
623 690
920 198
402 488
957 122
425 793
390 805
605 424
831 272
93 372
719 785
477 981
60 99
141 222
804 681
532 977
700 435
849 783
335 88
597 821
625 532
935 857
990 284
884 775
540 475
266 960
456 430
954 437
353 826
836 817
777 905
373 936
167 529
831 723
357 867
36 392
883 231
797 555
737 382
371 936
408 94
358 742
175 948
896 179
825 787
863 847
292 752
538 744
902 121
524 395
157 174
72 346
327 514
38 627
722 268
907 354
678 547
518 56
591 530
575 185
775 427
726 319
146 355
94 565
989 851
648 993
955 751
868 4
317 266
337 724
891 237
413 279
363 596
274 63
800 597
419 954
811 492
995 155
538 607
393 347
102 541
787 660
130 926
972 185
133 281
687 678
434 264
472 107
425 91
249 383
122 247
529 349
285 767
35 660
25 747
961 170
924 474
874 669
800 232
231 264
530 65
652 302
972 494
701 40
96 710
227 673
320 77
821 767
37 160
184 748
314 551
683 754
558 770
460 809
598 515
819 466
987 884
63 386
861 851
255 228
202 496
420 399
810 755
297 476
631 585
30 22
401 436
197 59
1 448
628 753
251 930
719 218
447 551
311 195
110 743
326 992
215 711
934 739
166 889
43 366
573 118
575 866
33 561
307 987
716 850
914 902
607 791
974 46
333 158
11 102
36 141
73 673
663 630
137 732
103 581
362 705
346 202
897 202
349 450
384 931
424 880
828 934
304 296
696 572
994 801
243 495
246 978
483 316
122 740
820 869
379 255
824 352
916 432
355 886
281 895
51 593
124 966
935 197
494 271
920 674
137 152
907 620
97 487
264 21
109 44
674 960
493 830
791 635
648 251
106 18
995 4
136 47
598 99
673 280
964 777
288 250
876 562
164 389
535 630
302 271
261 753
70 859
677 193
550 81
553 435
165 61
960 347
689 691
487 134
242 594
865 466
859 449
569 856
49 685
156 711
469 632
735 893
386 92
481 90
376 368
874 403
620 179
453 20
334 297
26 102
339 213
783 824
990 468
262 469
727 643
763 842
896 575
605 35
205 661
371 213
633 170
689 200
158 789
750 979
124 655
665 103
41 733
893 985
642 881
242 749
370 310
133 618
297 963
555 577
686 326
396 847
265 241
275 358
21 342
538 544
65 590
604 801
950 349
418 354
241 576
850 673
392 281
156 466
129 622
95 719
547 883
960 844
595 655
601 590
950 639
114 503
730 449
726 214
240 289
347 583
669 910
304 974
243 432
127 476
934 50
43 735
852 927
304 861
622 769
772 56
153 648
613 578
835 728
213 852
753 839
536 667
693 411
619 922
156 692
948 450
933 476
756 464
700 313
468 245
879 789
532 830
45 631
979 227
507 351
763 520
827 365
343 600
126 344
533 760
18 599
202 264
476 191
663 389
150 56
993 581
923 504
177 254
699 337
921 207
261 854
637 549
28 819
106 63
555 894
404 802
176 897
193 997
710 834
113 530
272 500
864 126
167 765
24 373
940 963
335 955
466 822
620 603
769 45
721 820
775 19
391 778
50 648
968 155
348 421
6 103
172 891
245 859
551 953
879 28
789 772
850 754
890 839
925 196
871 648
38 935
720 266
378 883
781 773
748 696
656 982
74 923
401 441
761 835
685 597
651 717
583 526
644 402
935 141
259 692
265 491
360 935
643 730
274 107
900 203
518 270
631 179
65 150
394 848
804 943
456 821
94 267
645 153
313 608
485 866
342 981
593 121
592 272
598 591
561 596
425 415
377 390
285 651
878 634
862 159
444 44
710 339
452 813
14 746
681 111
249 45
739 346
179 854
903 443
59 316
525 55
589 836
861 255
340 690
115 882
443 187
311 209
914 784
699 490
93 823
993 777
187 190
794 458
673 651
860 95
435 622
402 978
994 793
944 418
319 314
361 240
107 532
38 662
3 721
462 278
656 645
694 77
275 305
681 854
993 580
923 945
746 372
472 641
733 538
39 137
690 879
986 438
308 222
208 866
579 61
835 199
136 873
895 338
317 265
63 485
32 391
51 485
736 313
591 819
103 258
981 979
194 487
919 413
316 950
688 705
249 397
912 725
201 530
290 805
610 942
807 712
98 250
977 677
504 573
142 153
60 290
866 593
89 278
680 879
53 755
455 707
111 757
888 530
804 304
307 376
773 635
115 26
27 841
35 322
93 200
978 388
529 152
452 889
955 118
735 574
849 763
923 416
653 247
380 523
913 650
918 229
687 424
628 459
784 249
767 894
382 472
261 575
558 447
867 31
374 876
181 488
36 429
699 103
722 167
334 142
745 229
270 694
566 730
609 342
629 923
561 203
559 832
711 857
973 94
422 684
579 909
746 230
971 581
495 351
333 336
603 30
803 624
57 118
403 94
869 511
198 737
186 965
868 57
192 522
781 265
782 329
701 391
955 891
703 201
706 63
137 232
562 606
543 801
657 882
146 249
57 562
947 4
539 370
353 475
796 67
531 278
190 676
37 97
476 519
203 377
56 569
254 956
296 52
614 756
729 258
257 358
487 22
658 894
786 331
18 737
331 475
274 631
758 183
779 542
727 956
504 166
913 852
222 976
560 655
139 268
897 760
790 109
561 698
210 923
345 896
606 773
115 810
130 268
948 920
219 792
594 196
559 518
138 302
283 779
54 74
77 299
872 589
245 981
985 882
898 407
252 852
462 334
668 759
768 951
608 266
485 694
480 569
216 719
950 338
163 572
294 278
578 645
229 243
209 302
519 246
907 685
642 690
78 568
488 370
787 480
330 605
369 49
27 471
411 820
657 572
658 271
217 965
324 815
505 432
238 813
218 230
467 525
963 624
187 912
291 731
866 349
831 896
982 303
530 228
78 488
291 680
597 21
661 842
632 982
65 427
486 517
67 235
754 537
939 681
28 328
126 639
98 289
491 46
164 152
939 710
197 464
605 499
364 327
513 887
995 767
410 171
331 743
523 344
33 220
718 428
446 58
645 794
337 503
62 996
447 638
140 854
343 697
741 582
120 112
376 218
451 264
92 238
737 231
976 601
258 696
632 11
171 761
686 296
745 300
287 807
73 751
755 967
497 971
300 434
907 410
620 747
328 827
368 888
718 104
780 110
744 483
418 782
67 86
108 890
660 161
954 834
629 708
668 756
109 352
117 795
904 450
261 203
651 895
802 481
878 76
954 676
350 997
705 746
388 194
595 682
82 939
360 793
532 185
991 19
960 984
338 932
781 742
838 985
749 178
97 715
795 950
902 622
122 878
449 246
308 319
421 120
919 489
250 10
412 365
930 750
19 437
256 769
666 568
235 995
566 805
364 133
421 346
960 388
397 161
184 722
629 288
795 498
652 345
841 272
54 583
719 339
376 425
214 921
72 930
628 671
666 508
373 260
763 644
71 701
607 543
810 831
262 402
504 444
927 388
585 117
125 276
774 505
166 930
230 241
966 709
132 841
564 852
983 850
565 316
976 980
59 872
632 150
171 370
155 873
233 973
551 975
475 920
4 248
91 168
402 725
858 546
332 150
349 784
261 158
873 142
566 187
803 599
683 509
209 374
484 952
87 269
218 204
916 269
665 523
541 104
965 489
820 161
164 653
346 808
366 303
411 205
469 46
803 770
860 849
771 278
147 806
596 767
763 6
891 973
236 254
543 481
151 871
192 892
619 583
545 824
666 540
212 486
913 77
951 525
532 657
499 626
979 444
339 989
247 572
896 920
415 336
550 277
3 82
89 567
757 96
983 738
759 919
70 313
163 489
40 380
174 235
698 993
745 458
147 983
125 312
896 452
749 798
41 743
558 444
651 362
559 621
638 238
738 107
676 783
736 114
495 11
443 420
263 241
674 312
327 962
710 168
876 64
197 526
695 259
717 455
724 753
376 607
530 682
656 625
916 451
371 676
851 750
659 291
806 406
510 825
100 61
412 145
581 592
937 598
868 58
282 645
688 384
822 940
513 555
164 673
806 368
347 637
152 637
851 957
122 823
123 466
627 798
128 459
255 753
181 766
132 484
155 479
626 342
810 145
431 444
178 807
667 652
883 982
406 319
62 397
140 367
112 190
187 716
316 40
67 882
946 179
481 88
279 261
407 816
157 925
838 124
605 287
553 252
894 632
611 946
577 742
399 881
348 927
730 918
942 153
638 296
508 597
95 797
461 873
287 957
572 797
884 31
410 520
159 375
495 47
447 143
758 739
983 584
347 108
422 638
480 587
711 828
802 248
716 598
879 506
186 277
209 156
893 170
215 898
860 469
320 702
962 357
690 820
983 409
734 769
388 239
612 24
324 921
475 543
575 64
833 353
691 639
744 432
565 90
969 865
810 83
518 288
597 361
249 475
263 959
469 230
433 879
860 793
445 93
763 206
87 648
199 978
751 609
739 41
446 633
308 880
434 161
515 259
164 266
478 174
134 970
28 329
931 616
774 982
277 614
390 975
66 679
843 293
573 148
390 606
157 865
502 466
738 324
451 493
197 241
418 766
404 957
766 409
607 587
979 944
49 139
928 91
310 82
662 167
405 198
580 340
270 764
163 876
241 636
186 471
538 864
776 949
580 251
51 975
181 336
755 119
295 232
902 400
137 282
580 10
410 782
927 999
252 203
774 94
100 407
273 603
254 664
772 587
43 113
595 572
659 347
703 34
82 936
781 660
915 50
976 452
540 733
173 996
179 367
161 712
218 267
950 968
661 651
934 276
634 686
182 801
502 152
584 920
53 507
38 97
942 571
411 49
89 293
661 877
874 67
553 950
616 408
49 521
486 550
360 726
26 469
791 899
123 617
199 724
439 357
477 978
573 873
282 32
325 142
662 775
594 585
959 344
904 603
524 796
67 987
767 102
783 717
455 908
974 900
277 348
760 272
974 535
923 454
136 948
304 278
809 467
597 532
874 139
380 592
128 915
862 616
786 276
707 553
245 618
447 738
653 435
893 814
722 339
327 840
845 907
25 190
832 570
476 402
38 660
792 957
545 544
957 477
298 880
445 767
198 985
767 664
89 668
533 432
132 511
704 770
335 801
506 622
927 616
473 287
621 570
134 155
906 341
673 166
105 420
983 321
199 342
535 792
600 43
97 185
562 854
355 940
356 371
200 478
947 688
488 331
164 654
347 528
848 219
958 16
687 562
246 262
806 164
26 730
613 678
905 245
528 872
394 882
615 822
448 407
840 953
580 955
389 590
249 237
342 614
41 153
758 62
904 793
979 145
784 831
782 862
914 430
537 921
420 59
465 982
121 20
49 279
892 807
144 45
328 474
454 270
662 803
828 31
957 381
747 112
999 230
166 749
418 806
404 885
98 542
192 455
339 280
233 253
35 51
738 376
336 754
862 213
466 877
728 552
290 521
180 899
903 488
606 585
883 196
974 45
172 374
561 120
765 248
819 768
343 70
988 921
347 3
6 146
134 103
102 811
964 146
712 75
531 529
324 369
533 99
493 358
534 171
270 322
581 663
837 573
848 248
906 230
233 714
438 766
128 298
312 183
789 683
868 84
461 490
924 966
554 646
342 87
768 378
532 131
237 131
934 299
510 905
316 630
556 678
213 490
804 771
153 39
632 734
658 171
209 627
851 956
69 747
325 625
255 752
256 684
422 249
104 486
450 750
36 587
809 845
867 67
249 280
625 149
430 438
880 600
23 61
170 531
84 61
657 35
253 578
865 320
316 408
559 460
176 555
49 307
395 779
25 29
166 702
106 439
687 685
687 360
897 766
877 20
992 828
442 213
926 611
949 642
827 234
663 320
206 149
387 605
798 441
768 691
287 956
552 323
520 673
485 559
707 993
944 413
813 812
453 397
680 423
292 597
315 668
779 45
673 546
67 495
202 806
901 594
538 700
613 344
405 899
582 589
38 559
82 425
428 443
533 488
275 472
190 197
906 154
479 744
199 953
548 683
734 774
425 468
8 332
246 684
872 11
905 367
873 982
86 5
507 48
694 708
761 789
725 690
217 971
345 62
499 861
40 588
459 2
239 842
597 360
156 98
895 631
311 646
402 222
84 143
736 785
320 379
126 643
231 488
184 474
38 469
331 349
169 10
558 748
960 755
981 235
930 827
199 866
827 733
296 131
322 683
179 206
300 586
887 646
502 416
729 284
602 530
913 933
533 660
643 204
737 825
884 696
282 124
150 63
653 172
158 602
892 990
567 810
399 852
241 896
810 857
575 841
82 176
600 269
879 504
624 435
629 142
131 559
371 178
567 200
764 614
918 786
498 275
978 9
603 668
875 659
310 194
522 426
134 223
63 782
111 137
177 703
129 828
115 471
739 314
950 376
252 196
280 303
544 972
307 534
273 602
733 676
916 388
564 438
485 427
289 144
430 81
4 877
497 21
557 519
967 872
489 953
807 963
811 388
227 205
657 542
307 165
803 872
809 747
256 741
406 189
562 917
874 899
265 377
618 809
172 949
803 582
222 451
133 434
106 696
469 362
161 553
183 556
739 68
651 887
490 394
679 632
923 10
139 449
784 724
786 382
516 171
939 804
714 236
128 711
991 728
978 681
559 388
127 926
914 621
241 979
443 79
376 26
664 727
380 266
283 587
780 213
738 587
685 208
245 617
727 565
994 522
410 577
73 649
384 44
573 748
82 230
315 708
656 760
784 461
732 435
971 717
952 117
134 11
229 135
600 805
358 629
417 5
848 303
336 83
2 970
341 942
18 387
328 567
756 735
190 157
851 837
946 871
48 694
656 821
125 952
787 429
972 983
630 671
737 66
156 132
401 299
76 115
95 913
136 168
778 763
428 816
595 92
580 759
408 370
369 840
311 983
182 942
352 901
155 98
249 259
657 804
401 210
454 210
718 959
305 222
886 241
172 464
714 748
986 523
572 320
772 130
666 653
539 137
944 807
619 871
691 114
571 536
74 80
149 610
810 620
313 972
923 548
870 564
602 970
107 24
842 93
11 734
250 480
804 17
992 785
420 282
224 139
405 426
768 610
197 200
415 1
182 308
728 698
15 860
970 731
366 960
883 342
479 467
462 87
135 23
785 354
508 273
751 471
208 445
784 410
768 831
197 635
219 223
186 396
849 324
579 367
357 101
674 425
432 772
198 939
987 210
371 825
246 935
907 309
547 794
413 834
16 722
823 761
717 86
518 137
955 545
733 943
493 691
986 393
818 592
368 608
596 968
964 66
422 28
590 368
981 771
393 234
676 665
80 338
869 734
891 122
454 796
511 837
333 913
852 903
818 563
764 347
394 791
549 673
182 220
237 309
458 162
759 208
173 717
623 665
89 454
416 658
790 548
826 997
829 2
758 488
989 553
373 902
834 440
212 4
714 834
677 94
435 287
187 718
923 242
46 625
877 391
457 68
683 722
526 316
430 145
468 332
808 33
918 442
283 394
814 251
253 931
572 57
44 386
644 932
799 242
323 717
966 353
824 556
71 647
22 329
339 969
228 630
486 186
568 831
989 305
3 524
645 965
79 313
249 550
966 515
914 998
384 101
774 342
428 150
232 303
894 481
536 359
220 272
276 34
69 315
741 402
535 407
48 385
402 648
498 33
246 899
671 498
648 607
115 280
43 23
569 451
769 641
94 614
798 788
782 790
217 857
489 988
608 463
522 858
389 458
66 78
624 556
397 758
949 313
623 342
653 517
735 153
622 306
752 351
697 690
264 275
230 930
691 396
657 236
985 239
95 284
524 532
504 999
966 431
507 748
495 683
649 529
377 200
88 149
284 974
330 254
957 307
301 431
28 617
526 280
620 147
986 92
72 905
624 214
737 937
836 587
468 471
509 317
720 932
296 704
373 478
345 993
197 128
970 640
277 24
150 286
104 536
410 507
893 554
202 633
462 399
10 308
367 22
11 825
208 389
979 656
746 141
15 682
645 57
842 696
457 670
650 503
615 966
858 370
489 269
185 4
332 877
777 968
941 709
817 511
696 760
659 492
510 740
740 193
703 991
262 787
599 30
927 519
659 349
843 712
60 592
266 956
8 361
588 164
618 628
657 652
939 848
493 992
241 15
21 953
890 404
119 42
155 332
610 535
94 380
459 33
117 517
605 784
881 73
881 200
517 74
260 165
463 990
653 698
909 272
730 287
588 977
762 940
981 142
893 890
161 921
553 399
204 601
279 105
688 918
31 536
35 477
970 224
114 810
156 523
452 754
516 315
740 857
338 265
193 522
112 422
603 940
221 205
187 69
887 824
490 996
90 696
556 348
736 250
22 369
478 855
281 185
101 280
452 386
329 546
430 538
659 844
695 26
128 772
618 5
362 839
898 427
883 155
389 308
54 556
928 682
158 115
275 309
582 650
146 698
220 591
609 479
243 278
389 470
997 129
691 874
29 111
731 125
234 703
570 181
953 43
333 313
85 424
656 822
587 538
346 900
574 868
164 692
643 465
74 522
665 953
189 331
617 400
743 517
104 381
159 931
570 518
331 6
112 977
905 251
653 589
346 585
350 113
105 559
316 801
598 203
467 439
857 67
160 285
515 645
611 44
98 105
84 180
508 904
465 955
709 744
800 348
69 329
108 225
951 703
352 339
788 776
537 520
620 219
918 14
97 114
773 751
154 235
548 31
35 164
453 349
93 998
480 469
633 145
275 351
221 67
286 375
586 825
658 730
608 977
422 887
594 220
576 383
854 874
358 421
180 909
162 400
431 581
681 916
441 351
560 803
559 991
836 48
975 550
452 313
234 553
57 303
483 581
120 393
466 909
129 891
721 897
189 683
155 999
364 882
854 679
216 759
110 151
823 211
100 425
466 747
17 907
220 962
264 828
172 605
85 332
358 880
623 204
181 985
809 512
310 759
683 107
575 41
635 786
696 910
234 949
398 90
48 945
227 593
134 244
105 817
235 654
401 48
195 357
50 281
75 182
356 206
751 732
579 742
412 711
731 803
236 387
274 736
222 186
922 788
316 43
747 791
743 460
943 254
16 439
697 992
827 913
455 560
463 37
971 411
508 882
608 544
532 918
102 318
304 321
537 661
828 428
758 853
906 610
504 392
343 657
718 627
742 505
822 289
698 883
310 117
93 891
774 230
489 502
954 72
902 280
572 58
137 658
942 823
85 812
923 429
439 77
556 155
878 275
189 862
890 957
873 41
727 194
964 240
146 627
203 622
350 723
243 289
526 758
673 770
739 513
691 626
726 265
104 8
820 838
547 646
275 906
403 126
556 840
460 117
262 711
52 159
864 753
494 300
946 703
708 546
198 592
304 963
781 591
85 66
584 639
69 913
643 626
574 30
5 257
833 128
463 965
623 366
670 525
692 205
326 327
308 726
592 297
386 872
539 338
759 183
429 582
35 595
813 992
729 241
123 590
987 917
865 497
758 100
945 441
909 94
106 992
658 862
642 379
767 798
883 725
236 188
540 350
753 110
16 34
434 785
455 933
442 260
813 275
268 136
272 203
116 450
742 266
750 769
70 407
988 142
770 505
438 107
167 619
59 98
222 722
278 704
968 418
954 253
202 614
78 45
633 314
158 901
508 346
720 594
354 944
225 568
758 706
82 355
717 315
137 287
689 346
254 524
44 46
845 87
721 969
673 41
655 464
43 352
466 740
929 132
156 981
570 158
995 391
831 21
579 68
674 176
289 150
860 547
748 708
177 889
960 988
652 898
801 172
877 121
878 434
496 220
830 49
283 222
69 673
770 708
504 912
541 339
501 278
957 35
213 130
625 194
457 289
791 924
519 33
374 302
451 799
838 409
953 315
344 877
183 576
403 820
79 783
944 908
248 265
709 644
738 793
213 597
100 753
300 959
585 799
823 269
456 325
202 297
559 375
176 836
37 633
872 860
796 762
266 861
714 351
31 540
680 323
202 523
132 934
663 650
359 387
656 476
773 406
381 119
71 991
662 326
560 824
346 148
884 193
423 455
695 315
788 399
901 680
769 302
879 63
374 68
55 521
259 872
946 914
349 417
459 524
189 821
180 413
870 738
579 177
941 970
450 999
518 106
134 597
359 542
51 281
783 72
930 556
716 93
844 106
95 32
924 50
711 218
880 350
270 382
209 822
316 723
769 685
143 719
992 727
195 339
683 970
464 900
891 815
515 789
38 354
331 500
60 174
32 241
634 7
856 53
250 268
164 430
808 184
628 985
991 681
980 94
883 653
756 528
509 340
970 966
509 371
699 303
865 27
404 897
297 599
997 526
727 757
949 683
315 407
390 327
286 372
344 645
348 213
794 299
633 257
559 617
194 719
675 100
954 181
457 635
556 289
224 858
723 368
500 703
499 52
675 245
380 853
567 419
972 42
993 522
523 57
694 34
975 575
561 863
103 720
513 924
346 71
256 355
720 312
81 498
337 776
102 520
893 371
566 155
842 979
313 231
367 924
61 577
99 274
579 28
303 388
363 665
74 988
534 852
459 138
668 478
669 51
941 814
855 808
749 229
489 887
971 311
53 818
890 461
194 452
215 574
167 443
908 691
412 290
273 108
679 476
349 370
977 644
504 606
909 343
165 39
866 148
39 978
190 586
838 342
108 183
511 10
574 80
637 840
982 593
572 213
739 380
67 775
254 379
218 287
84 798
412 789
896 646
475 491
258 399
225 192
448 545
486 41
897 876
757 217
447 726
58 403
432 196
306 741
716 876
880 706
81 163
651 27
469 680
323 122
451 49
215 184
740 271
733 955
458 991
827 314
314 347
220 411
685 824
817 320
641 483
609 742
955 478
902 59
426 256
997 119
121 828
949 244
971 612
733 605
347 270
285 748
137 476
545 463
884 495
823 588
699 578
920 789
321 280
78 82
364 107
868 218
100 172
229 494
127 274
47 788
303 254
734 270
161 657
143 353
934 52
331 193
401 326
616 273
501 305
636 844
929 660
930 711
682 420
739 45
973 858
812 807
946 269
557 133
584 862
17 67
515 732
279 71
706 337
339 808
288 506
737 717
404 756
710 248
878 834
762 219
546 796
503 779
288 728
36 46
218 905
718 518
184 793
404 970
957 674
174 180
784 24
888 412
46 498
250 649
272 347
264 392
37 725
371 183
228 532
825 856
266 777
983 900
215 382
362 990
720 708
811 543
280 997
742 117
987 382
768 200
58 38
580 231
111 31
112 983
372 553
379 351
439 377
72 293
534 579
441 112
594 342
208 165
171 43
856 849
551 888
301 676
360 96
86 843
920 962
284 377
594 647
401 435
313 287
498 134
489 958
91 926
523 525
47 955
412 68
95 398
109 14
222 311
963 595
621 115
99 684
787 225
256 663
740 263
450 725
955 340
652 624
601 104
529 507
251 419
514 625
402 483
222 224
424 55
154 320
145 387
226 366
541 741
819 511
322 829
292 69
75 607
705 484
357 569
107 462
165 674
741 899
46 415
715 540
275 891
573 406
166 852
461 860
978 454
314 752
785 612
486 241
235 435
497 648
531 975
651 325
831 777
837 402
876 696
608 934
92 207
438 487
557 19
206 67
707 954
154 550
875 624
254 847
2 658
137 681
33 264
825 788
354 440
882 287
159 157
809 473
626 792
953 184
313 89
993 719
405 553
26 832
878 130
492 585
185 407
12 972
930 331
293 665
498 841
721 365
351 62
169 788
812 570
817 852
91 619
824 109
367 718
425 51
892 383
83 536
140 497
14 430
439 198
386 462
579 524
925 520
364 230
353 641
481 454
100 696
853 358
140 215
635 189
992 566
577 364
61 307
118 780
925 810
250 380
857 652
913 866
787 697
335 5
932 41
680 2
185 676
922 67
619 23
435 704
862 697
612 852
353 863
392 857
67 729
861 511
448 347
421 782
279 672
998 56
324 95
508 300
860 57
326 645
366 950
537 74
385 245
573 668
667 731
483 758
210 354
437 946
65 157
967 758
77 146
538 676
320 905
998 282
752 908
824 521
751 182
309 463
419 515
445 543
465 193
937 137
204 362
665 712
149 163
281 727
377 810
893 370
289 236
259 980
47 541
290 526
76 3
648 900
7 687
356 275
43 455
506 352
624 515
296 510
705 838
878 363
401 165
312 776
619 649
566 708
435 66
860 929
757 523
762 883
818 641
805 389
348 592
627 839
169 419
84 202
175 253
952 950
827 546
700 300
168 101
447 797
47 439
144 254
640 787
400 8
3 181
313 827
290 401
447 866
800 489
50 200
178 405
487 413
57 577
628 685
974 593
645 671
838 128
475 490
25 431
867 656
997 545
823 229
680 141
310 472
183 74
21 155
22 332
797 970
854 773
345 673
873 269
799 29
915 752
664 816
903 115
119 622
48 53
485 64
33 327
586 573
96 289
967 292
854 598
945 650
855 395
716 595
486 880
864 806
648 755
901 751
686 611
674 59
206 708
637 160
157 117
930 256
505 396
493 104
336 78
449 450
893 391
215 767
536 806
129 656
21 930
698 741
423 978
843 783
403 350
28 49
599 785
900 109
98 205
652 766
359 694
491 262
231 4
900 508
596 379
905 386
515 735
165 986
256 938
192 40
981 344
267 272
622 618
4 495
862 382
486 793
697 770
315 131
922 921
931 845
704 81
687 264
157 749
840 433
897 734
24 571
936 868
984 624
396 294
969 252
291 456
665 219
318 915
309 756
715 849
720 709
225 461
886 512
361 29
2 655
958 594
798 187
466 960
51 978
197 560
716 992
972 634
996 368
634 837
638 773
602 123
310 992
179 618
156 414
764 875
109 346
110 77
256 300
720 257
99 732
228 56
285 175
128 663
616 110
119 182
543 560
123 179
565 8
94 464
14 884
811 504
962 100
411 790
412 69
8 74
616 255
1000 350
325 565
142 21
435 13
164 629
746 812
403 747
668 37
49 947
216 156
877 153
919 340
58 457
174 789
804 866
554 863
203 263
657 94
995 242
127 671
273 341
978 102
502 384
274 953
813 740
979 132
665 816
399 775
710 903
382 84
718 402
353 818
191 516
245 708
106 26
750 803
663 644
666 152
634 532
784 291
949 631
278 605
483 733
361 249
988 946
720 560
25 818
889 563
102 768
305 482
306 737
295 139
9 486
376 585
196 804
667 356
515 223
647 455
764 143
465 45
296 269
55 952
829 965
406 894
736 849
544 603
838 797
19 27
721 213
995 306
133 111
541 489
375 12
457 574
360 891
967 840
138 518
433 670
863 797
259 294
48 871
86 291
839 419
165 176
719 793
541 309
191 620
286 924
748 863
70 887
865 605
153 585
601 75
166 437
725 170
776 134
913 976
472 256
878 904
737 633
131 943
134 58
440 359
762 161
503 861
474 809
667 158
732 952
820 557
809 417
849 764
187 501
98 680
7 294
671 847
465 244
129 444
862 702
23 984
410 399
965 191
58 509
775 946
120 174
343 492
128 227
940 898
494 978
533 253
958 618
685 978
542 869
449 554
884 301
125 133
785 772
948 598
829 775
556 65
744 289
484 100
518 874
309 127
807 208
279 217
483 292
526 648
428 611
341 846
962 138
190 487
536 203
348 839
123 987
246 756
742 713
394 561
308 479
915 113
717 773
818 604
360 998
329 633
476 760
442 952
665 779
78 880
190 878
937 139
169 17
725 108
273 443
516 73
178 386
669 629
619 950
839 165
218 657
404 722
938 630
818 992
529 83
239 670
921 473
197 118
15 462
75 614
715 598
366 646
681 268
500 72
283 994
965 2
414 280
162 721
434 586
244 430
880 998
816 382
375 765
176 925
776 400
24 353
280 907
661 145
172 105
120 202
12 450
362 779
625 903
741 269
758 741
281 487
615 292
882 469
348 473
441 233
992 193
405 145
597 587
716 721
367 220
342 426
860 467
772 605
384 822
423 239
467 839
397 528
399 70
807 69
242 169
631 385
152 641
100 223
564 334
213 280
195 741
267 457
721 285
137 895
264 938
137 188
467 677
319 652
490 782
472 781
380 430
262 556
330 727
38 236
976 365
61 837
423 930
373 723
371 198
179 390
507 789
554 70
166 128
353 399
83 610
491 505
55 700
608 822
565 503
70 959
36 763
277 767
615 593
373 102
675 900
931 622
920 498
683 830
459 581
922 887
510 69
891 582
840 724
89 704
163 329
680 957
572 251
921 437
188 140
709 318
197 106
70 232
530 390
849 683
271 566
376 3
253 835
35 144
163 423
770 69
810 834
885 142
750 495
837 43
585 66
380 586
641 720
572 840
576 267
758 551
953 599
93 860
756 12
975 290
245 513
124 694
875 662
768 844
436 746
382 362
555 532
645 642
436 665
185 159
132 626
284 597
34 908
952 603
552 977
555 306
696 240
95 174
670 1
587 997
171 316
555 323
939 32
617 158
531 810
517 771
543 563
912 963
983 296
311 963
958 126
749 171
56 851
539 533
649 117
777 392
97 531
196 860
454 856
471 858
970 419
499 833
316 793
407 178
691 383
402 334
539 307
44 883
905 445
199 859
715 466
226 253
634 238
520 42
539 198
71 363
636 679
415 266
698 754
37 260
130 102
55 160
367 154
791 236
713 383
837 126
231 931
966 274
336 637
279 553
215 431
767 834
914 776
68 126
992 104
803 940
339 979
7 483
708 380
922 776
949 630
808 229
183 743
205 294
297 939
194 537
51 896
638 68
231 534
971 604
11 194
395 355
768 967
306 826
716 517
827 356
385 393
149 336
464 142
845 123
708 161
822 993
105 140
323 197
785 936
66 265
955 536
869 114
211 888
216 654
723 953
716 747
440 86
483 152
393 96
213 367
920 847
542 458
356 377
873 913
589 91
130 996
440 180
792 393
683 64
546 73
757 644
313 539
54 597
725 486
280 557
127 412
950 857
650 33
776 108
152 774
819 142
274 361
67 999
500 433
688 807
784 678
714 811
198 200
273 167
718 819
802 484
898 984
732 667
259 988
952 523
936 112
330 163
149 621
80 838
615 750
691 230
623 959
520 990
723 825
351 664
500 198
653 158
119 198
185 682
735 550
770 634
813 344
232 651
528 456
823 131
440 984
830 692
633 149
500 996
136 805
417 504
1 249
24 262
390 469
799 59
413 876
309 299
295 328
561 114
157 359
584 173
214 632
94 962
129 206
777 554
965 933
418 758
335 744
252 154
824 523
641 171
660 241
906 17
466 536
584 395
220 559
842 990
494 165
886 763
778 422
337 670
877 796
762 441
94 542
705 683
847 62
924 883
449 405
964 604
507 155
221 905
331 38
169 135
853 181
446 757
161 635
626 337
496 118
999 126
636 922
134 558
285 730
804 638
87 850
291 517
408 871
541 393
430 440
602 649
898 580
420 246
342 865
576 868
350 371
600 106
1000 964
175 364
622 575
184 657
188 233
791 455
266 687
899 497
790 721
780 436
88 476
343 572
733 500
945 16
185 710
205 571
851 121
28 800
414 281
514 123
474 556
21 153
295 526
991 131
633 177
111 806
186 75
295 415
480 356
177 260
139 123
803 472
966 516
557 89
171 290
615 295
239 159
430 705
613 322
798 236
677 997
626 975
369 382
868 784
964 259
91 233
471 93
582 865
82 959
30 679
713 871
327 483
792 338
846 517
887 171
725 700
895 748
307 847
661 624
735 97
801 373
971 165
765 941
216 918
240 56
773 776
249 318
636 958
412 688
144 813
472 475
767 543
792 782
425 811
689 726
317 781
52 590
537 778
679 666
773 554
867 323
62 547
232 918
502 442
533 670
629 453
295 224
210 853
133 709
625 291
73 91
236 641
239 546
45 933
892 980
989 78
610 261
841 583
975 15
687 507
820 513
42 844
849 596
903 179
542 625
174 405
50 607
96 225
295 387
480 256
279 746
673 599
926 355
985 805
380 809
567 119
698 130
547 878
462 259
285 282
7 813
543 399
217 425
411 89
129 935
114 223
811 847
850 747
285 60
416 309
364 539
698 343
63 123
691 898
551 869
838 823
656 975
372 889
636 30
229 976
947 605
950 592
311 962
916 736
904 296
872 252
860 837
426 150
648 813
406 557
744 822
752 481
588 127
381 983
98 239
259 929
100 929
213 142
691 200
734 288
628 803
221 659
97 941
903 813
729 160
948 454
52 691
717 703
920 811
614 805
728 104
175 183
783 564
934 896
629 296
97 143
259 136
427 301
202 450
849 773
442 437
45 888
709 273
305 971
605 320
610 719
93 108
926 530
712 666
359 233
24 512
257 153
165 560
407 599
481 897
434 531
914 777
332 714
470 600
841 852
1 13
258 660
137 605
549 542
360 274
12 395
585 351
243 517
937 934
720 562
243 255
150 537
707 844
449 588
637 403
820 629
396 953
391 214
9 484
7 785
850 298
659 718
125 848
974 357
43 197
454 761
972 894
114 82
651 659
618 706
532 246
965 11
155 685
462 987
714 660
116 526
848 851
995 133
160 52
948 21
513 624
332 338
338 787
725 86
304 798
106 646
682 379
114 617
334 910
960 329
303 913
218 699
494 804
317 821
430 12
491 238
553 127
259 228
615 745
853 724
72 631
966 751
700 105
776 425
598 648
233 452
873 725
213 742
310 320
546 690
804 110
185 538
917 329
944 281
672 1000
325 286
456 67
440 584
702 928
210 206
357 141
548 250
76 747
793 245
335 634
121 714
710 530
327 954
718 57
722 196
906 911
745 125
11 225
86 679
21 90
73 568
807 381
384 957
78 267
502 74
836 467
431 601
733 741
237 858
638 88
24 195
8 712
461 274
556 865
578 297
553 352
893 480
215 724
109 433
132 248
740 21
510 431
670 376
622 17
234 958
200 738
494 388
282 572
890 457
356 493
618 984
934 12
374 217
359 655
490 970
863 15
153 698
575 667
360 646
638 939
648 451
641 782
629 383
866 3
758 29
115 455
505 489
210 913
899 99
739 352
408 518
170 941
511 121
766 651
527 619
568 632
883 621
205 20
784 48
129 365
50 809
641 714
344 758
272 371
201 339
319 391
626 667
309 669
770 385
510 310
497 597
59 970
888 98
104 689
266 224
672 867
505 918
966 517
219 128
55 318
868 563
194 606
803 424
437 234
885 664
292 675
595 970
890 966
279 935
798 237
105 186
17 840
773 487
327 559
869 56
302 923
431 637
33 422
618 651
747 805
806 426
635 836
816 666
263 657
930 398
934 334
704 865
801 155
565 162
256 528
227 39
526 823
985 471
783 140
878 266
117 732
369 923
207 463
529 275
251 411
571 888
642 683
862 169
921 665
648 511
995 776
120 590
505 20
164 129
383 31
810 415
903 750
933 599
871 314
695 536
69 268
571 582
808 116
258 77
277 479
150 71
633 897
192 201
447 899
19 860
847 475
795 271
135 806
283 595
309 991
699 363
558 34
779 275
248 63
343 688
733 72
310 443
779 352
230 194
805 808
639 947
601 391
326 689
976 594
462 401
998 199
871 847
803 503
436 756
328 981
721 802
561 185
546 335
30 196
710 602
324 289
452 382
509 891
314 379
647 79
392 449
468 497
48 419
216 773
252 195
660 170
842 821
347 241
59 549
65 544
894 737
678 562
646 28
243 433
775 440
483 382
446 118
268 850
893 311
644 501
596 782
669 70
566 502
971 354
422 94
701 385
668 258
32 484
985 386
327 87
204 226
481 611
133 298
338 812
284 138
412 503
436 509
455 435
38 409
647 817
156 972
134 561
386 604
487 644
164 455
449 875
899 780
551 485
550 407
255 407
112 111
990 94
312 545
714 132
472 295
3 97
338 368
252 581
309 785
341 62
785 320
681 375
410 473
979 118
840 464
213 690
606 827
438 217
978 450
852 351
600 496
694 398
876 549
89 877
382 426
974 174
41 754
98 997
133 572
926 717
693 718
968 451
988 30
214 594
335 954
567 90
129 224
99 910
524 303
864 882
884 381
831 342
484 67
105 370
342 353
859 9
237 885
589 224
314 398
613 234
673 205
859 166
697 199
664 440
403 76
758 661
906 349
998 559
367 21
281 793
892 149
189 325
247 243
928 219
912 688
870 404
860 810
403 667
61 907
823 310
619 673
670 575
278 341
89 66
881 238
904 35
83 540
70 920
30 809
531 260
217 354
848 896
446 569
568 383
880 49
754 598
867 269
436 533
154 416
815 53
66 628
451 766
457 665
550 258
849 983
667 226
942 424
619 237
982 953
788 790
476 202
541 886
72 967
788 901
861 217
296 783
600 349
448 986
760 835
202 729
898 561
139 248
718 284
721 584
663 677
277 90
704 442
297 884
959 432
926 297
987 269
54 100
276 422
59 798
443 447
851 298
621 832
305 434
344 832
719 739
544 813
971 595
836 77
12 575
888 600
110 253
38 571
755 55
848 371
521 595
225 724
793 391
337 771
157 56
488 497
589 21
111 305
402 807
647 693
742 637
194 63
603 153
950 622
556 753
707 359
265 808
697 778
277 917
494 389
389 871
469 201
627 557
77 564
833 190
943 305
17 457
182 909
711 616
717 612
900 4
890 168
791 153
96 921
911 644
735 64
665 609
336 847
622 594
109 901
844 760
149 542
131 127
539 106
83 278
987 828
1 543
883 767
22 247
350 256
620 166
171 255
188 858
894 246
970 772
310 301
917 763
779 758
174 268
514 121
759 347
550 923
862 665
3 484
757 365
854 793
987 802
656 394
528 212
785 699
759 773
334 240
654 935
256 38
111 6
719 711
78 245
465 144
11 268
33 978
812 442
137 374
856 890
48 279
51 664
368 564
741 125
544 535
229 809
565 911
593 446
462 993
947 579
753 304
271 133
540 754
609 927
399 738
468 725
150 351
535 969
994 685
781 585
860 786
496 5
835 495
961 77
890 349
263 967
322 385
820 384
770 621
130 716
402 361
791 769
43 601
681 239
487 875
79 640
300 691
283 391
982 519
456 86
770 911
992 515
777 391
918 383
460 789
395 990
969 309
625 395
171 823
745 734
466 489
199 75
819 279
491 838
610 400
80 927
27 696
567 802
440 803
25 399
780 41
675 453
861 434
447 753
164 375
258 654
603 660
90 961
322 434
99 917
831 428
708 57
216 919
600 954
146 574
55 690
685 791
543 393
911 501
896 82
309 3
807 260
336 111
190 286
137 402
446 228
530 747
712 282
733 700
841 819
801 990
65 976
602 233
983 436
472 974
75 237
119 178
111 478
460 230
78 653
748 593
533 232
288 95
270 35
358 721
994 689
223 1
83 914
740 213
569 630
154 634
381 981
809 892
645 142
283 69
196 802
160 264
1 820
348 613
661 78
94 129
386 838
938 811
378 956
86 485
126 566
182 740
18 893
700 353
919 193
356 875
529 399
715 420
560 95
679 705
630 17
600 36
598 499
13 391
197 442
11 579
296 125
754 789
236 405
840 578
649 959
149 808
297 637
103 145
692 658
288 872
849 549
940 884
244 25
906 548
980 817
31 69
931 75
148 359
438 594
738 579
723 493
923 767
139 44
846 485
722 79
746 89
584 180
855 66
977 411
650 259
890 908
309 502
720 451
112 1000
869 238
713 626
417 29
608 264
94 775
959 509
872 429
1000 226
673 204
581 587
930 213
218 35
789 670
655 837
376 622
511 587
96 698
351 402
688 414
247 93
468 670
910 301
659 172
200 712
61 793
961 491
872 218
817 847
788 248
801 307
514 780
849 781
806 44
535 614
645 226
403 523
425 71
100 583
619 561
881 348
268 699
473 851
40 810
772 251
593 578
387 31
457 455
588 421
725 182
13 90
786 346
629 266
776 476
279 251
554 593
206 484
297 456
158 523
1 476
76 944
867 635
15 556
432 496
219 920
970 880
771 865
223 944
690 45
225 303
137 925
173 71
304 186
965 187
737 180
920 468
974 139
663 716
181 509
443 446
137 639
500 645
391 822
358 303
487 905
133 651
547 949
868 895
374 600
102 691
986 494
509 659
147 144
221 858
955 569
561 930
637 151
108 971
372 747
755 340
721 164
958 219
426 72
561 563
66 499
104 162
587 575
537 300
411 805
674 869
948 68
218 345
551 41
256 566
830 96
96 806
711 507
613 847
755 734
77 563
333 905
725 391
321 961
801 479
127 445
826 890
829 425
133 498
84 352
691 440
984 174
88 99
341 383
839 16
967 479
832 354
101 931
856 104
736 654
154 27
978 583
300 607
847 221
853 833
308 910
442 504
157 915
49 298
302 100
268 12
362 179
205 935
888 279
761 15
97 342
361 377
116 182
606 651
715 586
865 57
67 555
529 770
579 960
896 523
549 463
788 521
201 337
20 755
516 536
277 12
877 648
589 611
571 248
220 458
827 82
832 716
462 443
373 838
620 619
923 703
346 400
632 105
680 553
633 400
377 259
932 666
853 818
826 9
976 918
629 580
483 614
730 685
12 732
690 477
287 828
664 211
316 717
208 78
855 713
583 939
581 515
289 131
588 481
416 870
975 831
363 635
298 429
501 537
372 919
969 879
843 770
97 676
80 310
943 359
212 723
990 838
478 122
691 359
820 385
487 933
496 405
648 18
924 487
86 478
313 818
373 98
467 229
767 278
35 553
397 178
383 25
64 23
881 585
637 870
362 260
70 93
712 115
25 364
80 769
814 172
616 723
999 208
235 175
453 252
914 638
386 167
102 221
586 134
434 667
572 981
165 537
684 767
477 279
580 987
300 240
504 427
35 101
276 377
168 386
361 119
287 923
932 332
718 868
910 875
379 631
286 193
261 397
201 978
68 921
129 779
43 333
523 71
467 994
521 409
307 336
560 448
854 742
776 292
328 516
898 656
703 967
726 300
622 366
964 497
358 928
311 942
316 576
321 601
432 689
364 444
471 624
648 833
190 968
673 498
468 746
364 843
971 245
757 684
709 841
70 765
40 928
592 381
496 34
981 37
892 448
506 135
648 532
878 663
19 446
616 386
672 404
690 802
953 73
827 752
153 993
5 512
445 962
900 252
587 144
884 630
386 240
995 695
49 737
931 671
382 895
619 144
747 103
875 42
602 878
823 266
538 168
476 151
44 435
514 143
702 132
632 147
554 668
149 920
352 28
816 427
300 212
158 718
966 673
469 919
163 212
970 684
607 657
376 769
927 30
970 786
286 402
722 76
116 195
289 783
862 880
25 821
53 211
778 928
711 873
82 721
894 688
915 781
254 595
366 105
4 532
423 726
670 97
157 82
964 326
87 145
470 27
73 867
77 859
647 339
225 936
815 669
982 166
696 779
492 470
203 781
887 255
635 782
617 271
854 492
322 181
251 25
240 278
259 668
868 152
946 638
673 414
32 2
235 525
255 710
772 454
276 661
924 9
54 777
691 302
461 878
161 595
873 148
312 737
792 683
94 368
66 848
451 962
51 60
72 142
109 782
903 786
282 872
193 772
202 3
147 638
683 592
814 266
891 661
162 885
969 355
29 581
149 22
444 187
191 990
842 66
230 479
345 784
196 731
253 918
642 429
862 272
634 339
332 375
591 99
684 711
870 158
836 794
619 410
68 172
141 552
144 340
22 277
145 185
372 218
375 645
874 100
379 590
675 109
34 383
163 833
241 673
138 385
633 299
42 549
264 631
565 663
342 272
343 201
169 702
48 365
749 477
15 283
328 717
902 225
906 236
545 292
803 636
199 415
368 665
792 203
304 822
540 633
156 370
928 283
488 258
821 64
19 262
319 663
612 422
765 130
513 544
149 895
971 300
323 359
446 366
319 740
161 654
689 456
143 266
754 263
41 432
403 697
619 655
636 807
235 646
914 87
520 418
99 215
50 273
765 886
477 846
539 255
939 697
947 82
808 320
911 567
878 574
457 482
644 914
683 700
482 791
109 532
37 375
83 393
836 713
672 698
736 493
258 23
81 728
478 618
126 184
487 781
791 272
173 25
304 200
569 812
822 654
839 740
54 804
556 478
738 409
22 326
135 704
137 952
85 978
258 247
824 448
387 980
848 763
210 177
598 996
837 340
215 192
275 663
827 450
721 827
188 664
989 678
730 571
125 51
265 159
242 881
189 854
869 212
391 682
379 328
902 39
34 101
829 806
998 395
157 990
367 840
995 403
247 486
327 334
897 451
20 278
426 45
542 503
268 824
184 23
903 637
801 152
490 779
696 946
985 641
302 602
359 607
298 261
86 364
808 458
227 262
869 987
251 669
810 267
331 734
443 750
740 584
689 714
339 20
5 139
241 749
291 946
697 923
827 580
169 274
614 652
540 295
923 169
676 295
970 68
918 492
156 465
904 682
550 722
805 970
154 184
961 568
657 295
490 112
223 175
187 48
831 891
707 681
689 150
352 385
340 530
270 937
228 531
780 186
874 45
909 538
767 826
181 387
309 766
382 284
613 384
685 115
341 717
379 630
859 768
609 313
978 142
392 629
101 205
817 276
766 241
324 300
362 763
457 645
495 453
151 652
566 56
759 571
424 821
854 743
409 12
233 767
472 545
380 122
808 987
399 48
347 355
26 952
645 887
788 611
237 176
524 832
422 450
868 22
789 28
30 647
329 730
266 936
579 874
882 777
649 120
523 659
273 924
626 258
477 660
425 105
9 874
178 787
30 816
833 287
919 338
463 854
728 253
585 596
178 226
35 631
36 772
112 98
220 715
885 412
909 489
638 160
631 714
671 563
857 697
343 898
182 516
798 394
871 240
83 65
871 424
582 37
798 528
822 596
365 771
500 30
465 403
524 117
598 834
380 619
107 741
588 304
244 394
172 415
410 548
448 671
825 579
110 567
366 925
504 514
396 550
769 4
807 452
263 327
462 355
817 304
750 758
822 3
767 917
780 222
177 546
966 866
5 364
570 665
38 621
590 142
974 361
232 14
472 573
942 688
109 312
863 595
132 369
996 112
379 94
324 949
679 125
982 353
683 6
422 494
632 606
583 737
326 410
714 963
501 219
455 114
94 438
518 340
695 146
179 340
307 139
330 744
592 203
792 573
579 983
799 942
515 639
697 640
165 186
937 145
369 983
387 240
394 968
680 717
53 597
827 686
460 633
407 66
653 806
182 710
348 762
226 154
395 907
931 557
808 160
831 220
573 96
957 257
615 741
887 576
746 596
362 349
733 378
914 564
273 452
41 161
575 807
482 594
653 153
358 225
514 476
676 206
534 228
743 22
304 301
314 580
144 454
335 800
410 393
430 972
453 469
202 599
22 298
923 733
108 869
837 383
828 235
36 466
55 470
315 653
816 182
817 195
506 836
978 568
931 327
54 234
241 561
719 748
480 699
941 354
430 276
90 822
219 70
632 301
320 831
24 150
841 551
733 625
630 983
669 233
945 577
411 598
829 995
8 298
963 869
915 6
425 374
99 363
325 725
968 668
769 605
441 764
43 848
339 585
946 725
801 364
259 264
223 91
243 825
9 140
109 864
368 38
95 157
961 23
579 576
50 270
804 635
182 819
644 12
501 71
20 367
912 460
980 172
382 986
348 734
117 999
908 792
163 339
652 277
410 88
946 54
325 75
525 76
371 389
136 1000
49 441
417 701
291 68
318 879
376 92
672 921
399 867
728 845
671 958
672 776
12 361
694 373
471 196
935 629
314 1
618 51
491 667
643 858
61 849
68 935
750 575
275 263
112 931
341 251
357 399
638 784
731 158
324 344
310 799
414 617
498 87
82 662
856 893
104 994
121 964
985 543
413 915
570 553
275 485
464 474
546 120
205 710
76 207
919 645
82 952
915 107
147 908
185 321
887 166
711 372
234 926
181 693
191 409
189 138
961 465
834 65
853 227
88 803
252 750
806 27
863 478
865 847
605 691
17 426
797 147
368 66
978 775
636 189
27 113
766 894
606 263
838 545
277 761
756 315
544 180
303 853
520 259
606 150
334 629
905 613
429 863
356 961
87 237
92 53
202 427
633 356
244 866
542 622
227 628
359 115
650 982
101 520
317 603
945 146
656 203
292 783
184 912
831 890
942 193
475 380
277 46
426 680
868 595
619 357
766 20
15 926
931 33
401 201
594 157
137 548
449 970
543 199
257 451
472 325
832 601
581 818
452 378
83 267
951 229
292 707
560 115
977 308
512 502
986 309
279 781
806 744
826 154
557 346
686 646
981 638
638 671
510 786
955 611
886 693
423 137
765 838
212 940
566 347
187 517
256 466
612 397
280 472
971 358
475 631
958 306
151 624
120 330
74 623
773 949
811 270
817 945
32 87
839 436
311 767
792 593
117 700
389 973
28 131
505 218
394 981
329 388
183 545
616 388
670 737
639 488
623 707
379 394
555 424
65 307
429 818
526 416
286 837
657 87
87 902
974 758
41 826
278 185
176 166
340 482
897 529
686 518
32 642
548 454
92 306
628 748
374 452
503 916
71 688
54 836
150 321
487 640
663 669
962 842
435 320
548 195
737 286
495 250
873 462
871 286
348 488
622 531
389 314
267 850
803 356
287 671
436 891
254 966
837 544
817 384
629 683
560 494
997 183
526 695
907 659
582 787
548 647
208 8
741 178
838 788
830 504
191 294
970 70
378 283
901 83
905 306
514 920
217 8
860 806
972 168
921 906
60 466
132 39
952 256
522 747
118 344
264 247
595 335
212 277
88 795
674 574
592 347
62 307
377 451
305 558
947 971
549 771
143 726
700 657
546 793
792 732
799 719
816 23
400 149
31 835
57 135
995 836
245 109
192 23
209 975
874 543
549 101
880 132
53 886
690 149
24 848
170 946
135 580
762 168
432 382
236 695
53 999
3 238
900 608
336 817
425 512
631 839
844 962
642 427
191 244
136 860
693 780
719 88
685 152
867 717
392 833
409 933
373 310
20 841
93 877
149 43
496 889
336 750
119 749
139 77
512 737
280 37
450 493
159 279
346 298
453 758
238 372
917 167
422 591
299 144
817 339
517 530
954 924
167 921
213 696
155 904
351 723
976 203
981 566
46 857
825 26
829 994
632 524
816 755
683 198
343 660
132 229
834 971
617 489
66 97
964 602
270 111
151 952
190 902
781 545
285 946
786 249
786 832
695 843
934 1
350 200
777 458
905 285
263 991
892 411
56 757
130 740
293 104
169 26
710 771
351 806
430 339
71 167
476 533
826 1000
848 608
23 448
338 530
654 162
748 201
130 262
938 625
614 742
26 343
836 676
709 690
292 54
573 131
215 560
444 345
136 538
122 367
306 342
115 538
315 236
942 59
943 998
624 672
704 252
742 356
943 599
875 901
650 533
620 983
368 162
441 272
831 551
903 218
524 141
146 839
646 888
336 345
565 632
414 48
54 247
918 620
870 373
158 177
399 169
94 819
333 405
704 727
65 607
872 345
608 307
475 844
168 730
654 79
952 448
146 267
935 9
497 101
575 230
137 84
541 273
319 804
527 323
109 400
402 48
276 617
56 630
501 486
82 840
566 414
650 367
181 692
536 861
331 107
874 915
981 925
673 324
772 254
765 566
38 118
169 229
178 560
268 751
142 176
200 993
593 638
815 139
321 851
179 173
17 58
398 969
607 85
990 103
826 908
477 848
687 77
672 506
801 730
362 496
383 26
297 363
555 123
164 29
202 424
260 520
779 552
716 569
558 625
621 958
625 536
678 482
718 527
249 892
311 124
707 683
581 142
983 558
804 163
552 412
332 732
396 685
825 549
328 75
223 794
672 297
424 248
447 322
199 729
534 382
239 236
221 417
764 925
361 150
785 820
442 493
187 753
96 453
295 159
940 208
851 599
210 437
263 445
266 483
622 406
848 319
704 819
233 765
380 116
749 688
113 791
241 218
756 719
479 864
49 752
247 452
319 971
394 259
995 286
315 880
742 569
765 760
19 116
129 756
128 705
777 32
69 774
86 172
659 68
933 941
327 82
846 666
389 955
448 361
247 155
913 305
92 856
630 472
481 727
546 100
344 89
307 79
221 749
245 231
835 677
801 629
786 483
211 100
79 864
904 874
120 623
407 937
320 113
729 219
951 684
130 462
813 587
12 805
500 196
247 735
931 640
434 856
550 362
143 768
408 579
151 277
338 252
432 377
657 368
992 769
809 333
741 199
908 7
233 355
914 752
130 131
741 539
233 268
984 596
966 676
400 645
864 442
594 239
978 78
11 29
395 442
558 918
357 228
470 973
461 767
202 787
984 723
225 594
688 86
263 272
158 126
676 767
827 381
42 735
673 855
447 68
929 205
507 313
604 841
417 17
660 75
552 948
560 495
669 259
428 631
820 913
937 731
925 433
479 836
725 540
268 883
160 876
920 854
714 676
708 989
803 931
119 3
359 528
922 961
313 540
597 308
389 544
502 171
88 907
235 812
843 45
607 28
810 318
687 916
456 574
808 275
992 592
365 562
495 647
900 323
463 165
959 736
835 814
982 579
549 100
17 147
435 444
960 109
902 848
74 215
665 826
890 200
474 928
770 149
438 783
40 362
283 542
779 436
550 624
827 221
149 953
456 800
483 771
482 690
487 679
435 955
127 652
756 220
921 1
558 462
337 186
300 74
346 440
141 703
557 110
740 920
357 24
827 296
206 983
190 504
854 579
67 399
251 762
967 736
270 560
860 336
110 307
536 390
385 494
849 193
547 774
305 525
197 641
237 852
129 993
441 951
501 751
507 816
285 254
987 323
114 112
446 51
303 398
472 906
493 12
310 706
133 75
494 976
389 209
340 389
717 556
565 72
868 191
576 561
563 427
674 366
234 971
554 106
242 494
264 148
908 677
288 266
282 984
249 299
505 145
35 672
182 817
38 309
468 62
279 53
246 136
848 752
244 921
151 127
549 24
93 140
311 373
59 260
611 851
387 285
923 383
161 223
47 303
966 435
128 667
778 870
276 211
459 433
763 300
232 863
602 805
162 630
913 726
3 319
166 826
734 533
469 987
385 14
98 567
675 445
399 168
774 435
300 620
228 969
531 888
42 629
836 464
323 100
510 538
58 251
100 274
266 460
624 32
988 737
419 550
938 474
777 984
294 545
