15867.7449495
3176.25675477
3279.26594477
3305.29934477
3392.35000477
3402.35210477
3515.43616477
3548.45111477
3618.44535477
3662.49404477
3733.53115477
3765.51376477
3861.62611477
3862.56652477
3919.58798477
3989.72107477
4022.59717477
4103.76400477
4119.64993477
4247.70851477
4250.83241477
4365.85935477
4410.77184477
4509.84025477
4512.92776477
4609.98052477
4622.92431477
4724.02345477
4753.96480477
4838.06638477
4885.00529477
4941.07557477
4972.03732477
5040.14398477
5069.09008477
5169.18657477
5172.09927477
5226.20803477
5229.12073477
5297.24514477
5332.12992477
5398.29282477
5431.19833477
5518.23036477
5554.39393477
5575.25182477
5657.40312477
5672.30458477
5775.31377477
5786.44571477
5889.35670477
5889.45490477
6018.49749477
6045.45781477
6142.51057477
6147.54008477
6243.55825477
6294.60849477
6346.56744477
6417.60455477
6422.70345477
6545.69951477
6585.76678477
6672.79881477
6673.75809477
6809.85772477
6829.85920477
6938.90031477
6943.90213477
7058.92907477
7101.96364477
7115.95053477
7216.00657477
7229.99346477
7330.04950477
7344.03639477
7457.12045477
7461.08999477
7558.16813477
7598.14890477
7673.19507477
7711.23296477
7786.27913477
7825.27589477
7914.37409477
7953.37085477
8042.46905477
8081.46581477
8156.51198477
8194.54987477
8269.59604477
8309.57681477
8406.65495477
8410.62449477
8523.70855477
8537.69544477
8637.75148477
8651.73837477
8751.79441477
8765.78130477
8808.81587477
8923.84281477
8928.84463477
9037.88574477
9057.88722477
9193.98685477
9194.94613477
9281.97816477
9322.04543477
9445.04149477
9450.14039477
9521.17750477
9573.13645477
9624.18669477
9720.20486477
9725.23437477
9822.28713477
9849.24745477
9978.29004477
9978.38824477
10081.2992348
10092.4311748
10195.4403648
10210.3418248
10292.4931248
10313.3510148
10349.5145848
10436.5466148
10469.4521248
10535.6150248
10570.4998048
10638.6242148
10641.5369148
10695.6456748
10698.5583748
10798.6548648
10827.6009648
10895.7076248
10926.6693748
10982.7396548
11029.6785648
11113.7801448
11143.7214948
11244.8206348
11257.7644248
11354.8171848
11357.9046948
11456.9731048
11501.8855948
11616.9125348
11620.0364348
11748.0950148
11763.9809448
11845.1477748
11878.0238748
11948.1569648
12005.1784248
12006.1188348
12102.2311848
12134.2137948
12205.2509048
12249.2995948
12319.2938348
12352.3087848
12465.3928448
12475.3949448
12562.4456048
12588.4790048
12691.4881948
