16208.7174466
2929.9913533
3033.0005433
3077.0597633
3090.0220033
3191.0696833
3214.1186733
3311.1714333
3347.1707933
3382.2085433
3444.2235533
3519.2674533
3558.2664833
3647.3260333
3672.3094133
3748.3737133
3773.3570933
3895.4421233
3959.4364033
3966.4792333
4023.5006933
4110.5327233
4115.5375133
4228.6215733
4241.5732133
4340.6416233
4391.6849033
4462.7220133
4468.7365833
4563.7696933
4569.7842633
4666.7788833
4682.8683233
4785.8775133
4794.8374633
4842.8989733
4950.9385733
4970.9939333
5087.9974833
5118.0623433
5175.0838033
5187.0658933
5258.1030033
5276.1314833
5373.1299433
5391.1584233
5488.1568833
5490.2268333
5561.2639433
5575.1889133
5662.2209433
5662.3116233
5763.2686233
5848.3909333
5910.3370333
5967.3584933
6011.4542633
6024.3799533
6125.4276333
6139.5492233
6210.5863333
6281.5287433
6323.6703933
6409.5873233
6509.7497033
6565.6884333
6665.8508133
6678.7724933
6779.8201733
6796.8913033
6836.8416333
6939.8508233
6982.9706133
7102.9141533
7112.0132033
7159.9356133
7268.1143133
7273.9785433
7389.0054833
7431.1776433
7520.0459733
7532.2253233
7683.1093033
7695.2886533
7770.1413333
7823.3472333
7885.1682733
7960.4061433
8048.2316033
8089.4487333
8119.2687133
8160.4858433
8248.3113033
8323.5491733
8385.3702133
8438.5761133
8513.4287933
8525.6081433
8676.4921233
8688.6714733
8777.5398033
8819.7119633
8934.7389033
8940.6031333
9048.7818333
9096.7042433
9105.8032933
9225.7468333
9268.8666233
9371.8758133
9411.8261433
9428.8972733
9529.9449533
9542.8666333
9643.0290133
9698.9677433
9799.1301233
9885.0470533
9927.1887033
9998.1311133
10069.1682233
10083.2898133
10184.3374933
10197.2631833
10241.3589533
10298.3804133
10360.3265133
10445.4488233
10546.4058233
10546.4965033
10633.5285333
10647.4535033
10718.4906133
10720.5605633
10817.5590233
10835.5875033
10932.5859633
10950.6144433
11021.6515533
11033.6336433
11090.6551033
11120.7199633
11237.7235133
11257.7788733
11365.8184733
11413.8799833
11422.8399333
11525.8491233
11541.9385633
11638.9331833
11644.9477533
11739.9808633
11745.9954333
11817.0325433
11868.0758233
11967.1442333
11980.0958733
12093.1799333
12098.1847233
12185.2167533
12242.2382133
12249.2810433
12313.2753233
12435.3603533
12460.3437333
12536.4080333
12561.3914133
12650.4509633
12689.4499933
12764.4938933
12826.5089033
12861.5466533
12897.5460133
12994.5987733
13017.6477633
13118.6954433
13131.6576833
13175.7169033
13278.7260933
