1000 9891
711 707
747 650
129 973
685 720
47 587
764 207
232 72
964 409
324 632
878 67
181 913
533 364
187 290
167 226
374 339
65 888
973 959
68 613
473 467
56 101
789 579
446 187
575 455
243 870
118 278
619 735
543 869
171 86
114 713
887 454
348 810
506 111
70 804
454 135
610 873
481 315
595 363
195 809
752 218
22 842
995 782
856 72
303 855
490 714
37 135
408 761
406 68
940 563
502 445
806 428
579 31
463 803
59 145
595 451
887 955
945 144
451 475
325 446
150 916
741 998
358 886
176 802
250 671
107 762
842 379
461 831
875 753
951 188
870 52
390 706
591 876
542 794
784 121
372 12
155 884
392 455
157 217
105 152
17 814
859 35
256 182
898 765
683 369
295 111
543 261
114 958
51 763
614 322
565 65
280 427
636 422
693 217
569 491
346 948
403 423
668 489
742 574
857 288
910 346
39 328
207 794
373 526
778 712
318 129
946 598
378 372
990 663
259 309
856 753
8 115
374 232
302 629
393 447
583 796
692 415
84 309
325 658
828 789
108 294
375 748
663 357
22 999
558 533
460 592
467 276
450 602
624 945
511 103
60 157
633 837
503 707
343 814
913 995
708 274
149 593
666 301
204 732
387 452
791 119
244 832
301 391
710 109
857 559
495 183
742 338
11 830
31 179
657 256
896 600
560 981
44 318
603 553
31 64
895 257
500 831
304 98
68 219
840 180
803 8
237 343
295 348
632 54
462 503
279 775
525 747
551 623
793 260
741 333
764 930
966 982
314 281
78 310
315 576
523 103
634 878
195 502
534 613
650 110
726 477
15 432
241 197
476 587
959 73
87 258
659 133
199 324
700 879
682 814
947 702
70 563
596 436
751 856
735 295
935 161
973 494
194 503
804 876
142 79
218 497
492 240
541 155
23 429
27 743
730 446
799 824
686 445
160 297
678 111
610 785
705 3
834 425
946 256
168 115
499 579
425 868
762 994
31 992
767 298
198 83
828 190
463 85
908 198
474 830
182 487
830 973
832 936
939 908
88 456
110 773
590 531
130 245
742 382
467 233
903 690
223 959
461 886
98 528
582 294
343 374
29 515
102 766
249 533
858 621
766 82
15 976
822 448
111 891
2 733
936 416
98 882
711 952
983 823
200 222
592 576
828 960
206 980
962 590
449 545
418 334
313 18
132 562
258 917
523 131
363 884
552 913
437 433
4 756
55 958
246 547
614 676
952 294
350 541
96 748
834 854
330 217
468 584
566 257
26 878
946 655
322 149
654 834
622 24
414 701
493 924
116 636
759 385
247 173
566 547
330 779
117 705
498 581
959 976
291 700
660 531
171 68
585 640
568 434
473 946
166 383
451 819
785 87
363 111
917 946
630 35
408 670
282 251
304 543
529 74
649 625
193 605
306 340
977 809
182 451
519 960
975 802
717 241
214 31
232 832
250 521
770 118
862 752
258 386
810 855
82 190
799 225
12 149
50 800
698 916
258 309
645 935
206 231
112 459
543 236
600 430
103 293
470 552
235 349
941 417
837 336
515 468
699 147
984 714
594 71
484 291
157 323
475 928
42 517
573 807
671 366
730 694
159 410
107 861
536 483
890 816
711 706
235 279
80 126
523 316
229 851
780 677
326 994
623 135
626 169
755 748
21 583
78 520
270 971
416 15
508 468
40 683
994 738
319 695
843 825
781 446
386 602
703 285
240 161
596 582
43 718
523 760
801 510
426 717
350 53
244 728
812 794
800 178
982 686
87 782
491 385
919 187
813 980
540 140
321 706
657 104
235 900
696 498
294 575
282 223
984 429
641 924
594 229
105 715
871 384
603 814
468 373
788 980
78 560
329 41
849 674
611 991
463 434
154 823
407 587
727 694
234 121
685 21
988 130
748 964
570 366
243 122
742 96
945 962
642 802
882 415
250 993
859 949
642 981
592 520
242 913
8 937
933 327
262 994
135 368
945 684
648 665
793 464
480 981
924 638
321 471
928 633
671 467
180 286
897 434
935 94
613 64
6 374
452 110
656 967
147 60
994 617
977 893
925 501
517 477
70 875
289 275
792 438
728 880
677 453
34 585
794 664
386 574
42 204
528 891
564 73
913 311
924 497
492 28
666 921
244 653
407 197
155 404
303 20
179 26
911 853
990 950
264 316
139 696
929 574
813 568
799 613
88 207
253 683
331 597
683 760
45 735
541 762
670 902
529 18
325 127
770 796
330 263
884 738
653 113
638 433
784 992
951 332
26 267
153 183
130 295
942 113
466 86
504 93
343 764
420 379
24 644
166 835
595 79
337 451
853 907
358 475
14 823
698 844
939 747
849 424
767 986
769 239
634 887
689 400
836 193
894 475
864 154
918 955
722 216
389 295
524 294
854 549
87 78
751 167
77 116
3 849
172 840
758 77
74 88
989 671
280 281
542 17
981 543
854 263
211 771
655 978
379 229
566 139
953 54
645 533
276 973
481 821
133 964
230 682
815 664
566 314
697 57
740 121
703 119
981 881
285 826
144 690
161 372
604 536
734 603
695 755
511 710
212 673
753 67
340 507
203 110
883 684
207 622
977 635
173 842
484 541
782 156
911 824
329 468
781 794
900 47
118 206
374 100
198 182
576 994
5 734
858 191
389 703
49 550
321 793
322 626
217 344
326 10
165 920
848 534
353 168
463 167
501 16
812 263
917 526
999 134
446 770
364 511
629 389
421 576
443 8
748 277
664 658
330 394
611 535
366 611
548 793
439 237
280 778
443 214
926 641
124 529
168 607
32 704
194 707
11 59
250 839
589 458
771 517
613 452
442 198
50 750
163 981
293 878
686 483
677 968
732 357
271 795
521 596
632 305
194 788
793 392
134 368
446 166
708 797
727 19
124 68
471 721
90 410
133 56
480 780
742 628
618 558
80 135
893 504
697 85
165 407
773 232
136 227
138 593
596 144
242 413
448 292
543 899
947 778
394 694
437 628
333 899
230 801
14 486
491 279
809 958
313 687
995 903
136 336
190 743
250 82
765 881
145 38
631 872
785 86
658 220
921 566
960 476
724 429
399 517
361 577
602 474
99 50
891 549
692 562
879 880
643 110
866 893
315 225
912 125
516 631
365 967
131 659
478 766
413 549
784 71
491 625
42 849
349 371
816 360
300 153
998 64
546 577
753 49
25 219
457 946
276 466
279 729
85 846
486 263
300 43
146 834
897 26
276 65
538 981
243 14
867 968
746 155
968 145
695 198
158 921
737 436
665 407
224 737
525 899
103 667
938 472
67 250
252 38
34 977
199 489
332 206
544 558
962 373
285 192
911 188
355 304
54 391
20 275
963 295
315 873
464 365
329 801
954 5
942 845
844 87
169 857
99 24
27 343
56 325
644 206
312 815
12 635
795 810
317 34
765 768
361 882
985 72
552 9
108 489
644 668
649 801
977 732
282 826
784 584
622 646
515 712
844 644
814 468
706 677
305 708
982 542
306 23
143 952
921 530
403 807
633 792
444 137
796 854
283 269
356 973
783 584
623 905
644 770
810 534
461 586
10 925
351 586
463 12
305 934
718 530
28 326
499 344
316 290
870 889
852 476
875 981
110 706
679 905
408 264
561 326
248 71
121 319
965 236
422 857
918 178
940 798
561 471
585 473
516 649
997 812
121 537
592 634
958 601
985 573
627 144
241 509
112 963
844 281
777 617
171 406
872 297
923 935
637 119
582 664
566 61
403 203
208 145
523 202
891 500
859 82
592 823
354 534
760 525
721 230
226 732
392 182
640 332
864 682
428 835
485 195
765 614
679 186
668 137
374 238
194 256
86 274
878 302
535 603
114 747
598 185
765 840
520 127
635 420
909 403
715 486
416 744
292 363
995 812
815 25
142 429
199 708
210 671
505 425
288 641
589 993
336 841
888 742
370 210
266 620
983 745
965 942
89 603
595 481
268 161
603 878
201 130
37 620
420 356
371 238
334 486
429 498
158 816
675 486
287 980
509 68
539 733
334 17
779 388
283 853
56 69
954 162
719 870
811 816
46 756
360 283
54 3
391 154
43 286
465 64
712 95
215 116
238 463
784 126
461 148
318 359
52 407
932 979
804 249
186 733
751 99
320 839
177 950
808 956
33 18
204 457
962 189
622 147
694 608
151 547
762 542
377 628
664 350
95 902
632 722
545 237
748 940
877 80
436 298
934 25
592 192
757 650
690 916
42 11
251 381
228 590
369 970
796 73
464 994
92 942
517 167
22 897
14 822
871 166
814 413
320 33
175 237
992 595
754 590
353 175
652 415
697 982
648 270
17 512
28 560
785 139
70 159
642 308
75 631
277 287
336 821
481 188
814 238
376 470
782 584
823 356
55 158
537 651
813 334
908 38
569 794
567 867
70 441
715 564
480 483
941 42
597 568
874 223
31 38
489 123
306 611
291 397
516 690
186 189
594 206
841 895
842 512
789 7
615 309
618 107
755 910
266 471
342 298
72 282
128 28
935 259
118 255
176 296
677 856
641 499
683 443
105 487
585 762
215 894
960 312
533 341
354 11
5 236
501 669
856 900
678 717
347 479
129 640
830 408
562 874
411 826
967 801
477 565
829 704
355 73
782 206
820 5
398 215
900 125
367 758
578 115
449 141
503 502
89 422
1 964
649 772
964 907
899 844
810 273
504 986
467 206
325 788
201 798
942 349
266 706
321 661
508 785
581 372
433 204
753 781
438 895
918 437
741 894
207 54
581 261
158 622
361 354
785 256
70 266
664 751
663 483
885 191
918 533
779 750
338 82
858 813
159 64
814 329
288 919
995 856
992 187
889 317
712 810
949 515
300 276
591 242
927 220
766 76
695 80
383 900
912 260
671 219
360 339
340 841
665 406
336 492
778 159
78 380
107 863
451 239
23 62
709 656
985 659
894 605
962 229
109 396
321 444
612 101
155 364
377 556
164 647
910 492
237 488
754 210
536 929
385 907
631 184
10 708
229 644
415 967
332 181
878 275
661 759
963 960
820 392
255 646
60 261
868 444
374 429
946 354
505 178
692 834
445 280
179 177
787 942
537 775
130 375
478 384
737 728
216 544
23 81
728 5
989 876
74 155
580 641
770 167
308 792
644 658
495 926
136 905
865 227
505 750
359 255
438 202
601 584
941 225
482 646
968 321
417 461
954 284
228 537
767 800
118 708
423 320
281 351
634 631
637 276
987 333
509 897
25 802
90 888
835 433
147 499
202 842
846 179
370 216
635 684
617 105
543 369
480 25
894 671
437 70
864 990
739 730
612 340
560 455
864 671
930 201
876 386
290 360
241 222
665 652
172 900
657 748
694 769
401 430
274 44
829 550
152 744
523 427
419 941
414 616
878 461
536 782
901 122
995 147
564 164
568 159
236 958
74 616
807 832
97 729
406 571
613 689
653 602
469 137
456 808
652 51
865 732
41 498
169 197
886 842
428 805
30 826
288 309
307 83
442 758
27 80
155 7
230 633
585 606
646 572
201 837
202 22
416 84
335 278
412 541
252 860
763 584
370 854
171 779
740 840
889 18
932 58
935 837
862 319
331 693
336 985
482 571
487 302
71 687
899 320
334 487
689 180
729 667
159 24
839 682
757 301
650 553
432 42
508 285
58 92
498 295
633 480
870 471
428 190
936 761
522 607
845 943
33 283
531 516
241 408
59 747
206 878
376 597
855 71
882 355
389 455
835 43
37 797
731 74
329 926
167 674
608 511
565 975
531 851
470 397
143 25
893 931
539 684
354 29
173 567
737 731
541 231
179 346
513 590
648 243
272 446
265 645
543 830
584 933
549 812
973 717
387 246
316 816
579 618
819 155
514 695
863 797
662 615
701 195
725 858
65 353
781 363
340 45
213 793
819 534
491 75
588 891
222 201
528 516
430 26
754 567
670 992
936 10
314 674
81 757
727 794
462 133
689 839
46 452
607 621
719 39
940 848
707 615
873 371
410 403
183 234
65 615
898 541
854 869
980 544
620 639
162 419
439 909
298 547
595 843
723 382
372 336
517 652
901 621
958 534
214 486
931 474
498 45
116 972
464 101
619 134
104 908
410 855
198 810
16 706
272 860
849 86
280 375
544 516
872 497
357 375
5 235
647 684
668 573
626 19
274 293
407 440
817 786
895 765
986 187
768 506
199 186
368 382
518 298
995 171
781 604
104 328
325 608
181 716
409 195
655 500
877 196
151 149
613 602
924 411
981 230
144 973
416 674
127 266
74 386
627 850
888 978
886 45
523 959
784 765
452 539
749 283
553 48
584 117
762 102
726 757
434 909
127 104
353 59
649 630
361 720
576 97
749 573
329 50
572 90
186 637
857 612
880 899
348 105
318 785
289 637
236 950
220 83
537 279
940 820
851 243
375 753
487 711
93 844
650 737
284 935
690 670
452 253
271 603
137 643
17 375
671 218
51 965
381 750
85 686
416 437
166 816
601 640
319 77
25 528
449 300
587 661
775 479
928 149
697 119
428 857
403 365
591 964
502 935
70 649
696 40
888 478
41 405
448 433
752 335
640 850
61 59
835 716
929 535
217 357
553 387
408 846
64 240
83 332
875 280
752 45
252 695
773 958
648 376
922 891
174 996
502 433
54 590
970 79
361 389
397 383
468 368
472 128
572 126
865 236
577 720
227 971
802 759
602 773
948 809
443 824
348 77
24 683
120 20
799 198
126 46
453 262
319 505
405 310
888 25
462 108
279 654
391 80
941 336
1 62
628 475
50 542
64 602
176 4
17 465
849 355
868 729
462 270
980 719
984 778
695 292
537 190
189 24
246 844
463 937
46 952
179 59
437 69
478 853
834 763
675 611
865 169
604 785
381 424
699 527
557 899
740 241
208 34
501 675
15 457
203 793
111 368
596 784
320 539
462 970
708 998
472 838
535 887
366 294
282 715
104 369
506 429
472 245
329 684
381 891
754 247
297 904
653 601
674 532
87 713
787 239
147 652
872 651
10 979
999 953
377 410
13 220
325 858
400 175
116 850
792 885
335 273
248 425
856 40
567 714
714 138
731 888
883 785
369 671
135 606
463 125
632 230
602 967
442 440
903 597
432 382
965 940
400 988
771 255
679 990
188 795
84 868
451 443
92 447
16 795
611 730
46 651
927 6
196 28
454 429
451 783
20 802
628 63
336 663
703 669
707 936
854 969
584 189
235 100
54 1
76 472
383 812
438 539
979 382
345 393
126 464
848 272
501 790
321 432
998 586
584 490
103 818
15 444
436 103
170 183
355 757
816 717
356 158
268 872
713 859
240 447
939 137
479 208
355 990
191 300
639 886
416 74
346 775
240 270
612 62
246 276
217 18
575 283
981 80
201 933
588 567
592 337
478 58
709 934
676 360
771 287
891 337
630 168
923 72
317 217
448 104
322 625
508 920
622 700
71 334
643 345
984 343
425 872
728 79
856 4
13 81
677 58
880 186
442 493
938 534
47 278
822 920
93 212
934 554
41 937
975 170
832 940
818 211
512 810
585 804
857 527
676 245
658 552
606 882
280 670
143 21
227 771
785 427
400 855
348 53
225 294
281 244
449 874
690 360
694 352
785 580
269 619
1 245
438 34
211 454
137 533
210 197
68 59
417 357
279 807
394 31
675 226
482 569
225 625
355 574
745 106
727 206
765 119
400 791
806 731
953 373
902 78
926 64
530 665
693 379
608 301
996 140
818 344
428 389
307 721
769 692
807 84
152 690
560 287
561 554
285 874
877 784
215 745
916 316
337 539
808 696
860 657
511 743
596 703
354 318
963 648
322 256
337 605
131 314
173 683
501 302
543 933
964 870
18 249
575 837
776 52
312 840
784 623
503 609
986 389
338 524
430 452
33 609
202 47
956 916
562 319
581 481
658 874
75 900
459 974
156 73
743 333
835 926
805 890
202 257
208 718
258 495
836 576
909 780
892 964
219 590
330 749
790 113
59 949
526 195
135 836
192 390
84 668
234 1
396 304
537 278
59 86
166 910
334 476
121 401
837 459
745 310
306 517
557 60
831 557
979 790
893 996
3 652
800 859
194 597
160 749
486 405
751 363
845 210
85 856
336 494
977 256
391 674
195 37
603 416
381 274
882 345
577 846
156 392
628 101
360 115
531 684
90 132
912 118
590 201
406 832
833 596
940 264
800 667
473 421
309 215
96 652
578 256
650 181
523 385
1000 434
158 484
713 787
181 781
700 787
38 142
817 242
887 191
134 637
636 125
878 422
844 82
166 34
901 149
753 8
75 100
614 971
173 655
528 930
621 17
850 929
809 927
238 547
744 740
711 32
198 253
625 346
400 211
738 113
184 608
46 176
249 36
549 39
936 52
610 55
500 147
233 504
875 57
749 544
73 71
36 93
420 508
300 858
905 840
664 717
936 850
630 220
153 72
559 720
418 892
382 437
383 580
292 417
337 372
836 858
487 746
346 458
201 453
135 997
667 736
236 460
834 934
613 281
978 134
197 257
72 453
908 795
320 975
651 901
860 277
461 327
63 30
251 790
793 522
509 594
935 90
929 5
142 858
290 729
409 273
782 362
203 233
167 274
156 33
817 857
324 895
271 272
477 635
294 915
374 237
400 245
941 627
973 551
945 856
942 590
610 774
305 660
772 765
153 1000
553 839
984 30
767 317
714 139
734 78
862 3
330 176
994 139
813 581
724 480
407 788
374 681
377 251
178 508
509 398
625 429
808 844
206 406
178 335
396 410
537 684
666 456
150 233
742 343
616 839
640 444
974 896
780 428
617 527
16 796
749 806
384 272
2 835
520 668
836 190
914 908
557 4
757 27
633 486
746 79
885 214
825 908
842 634
440 662
760 991
959 257
465 674
930 400
882 270
574 166
884 320
444 929
985 559
591 635
685 642
579 387
157 41
802 446
252 105
125 981
219 272
243 406
252 472
985 251
94 559
845 333
332 96
942 793
337 574
621 294
666 807
677 532
697 430
146 476
576 681
702 185
795 969
498 971
303 214
697 287
401 170
591 959
155 455
565 272
291 647
645 232
373 783
655 259
912 683
771 286
94 107
900 442
792 803
61 98
383 579
709 566
984 75
767 320
37 201
978 601
634 23
924 343
735 887
648 305
406 1
444 332
945 497
966 73
308 803
370 888
6 682
814 237
505 532
486 930
359 176
348 903
28 721
580 282
131 712
104 562
49 119
968 411
714 355
951 114
241 719
976 646
910 85
372 314
998 43
57 518
868 613
996 472
10 253
907 121
33 692
404 469
318 695
3 945
831 383
285 71
569 324
715 828
789 855
902 222
318 401
159 707
218 13
381 623
717 213
995 463
868 71
259 594
890 618
742 763
691 631
142 957
102 171
578 479
907 995
782 205
216 260
587 279
71 126
717 368
501 301
433 517
160 475
515 579
807 667
421 44
577 142
50 262
178 211
469 304
161 999
697 533
445 295
784 767
398 615
478 305
792 776
980 19
841 371
97 195
740 947
45 803
157 873
487 402
116 328
481 221
562 30
720 777
103 66
759 623
701 681
337 617
580 590
158 764
841 62
659 622
215 362
359 439
300 36
46 704
732 39
751 261
861 325
59 823
873 399
746 135
720 502
920 216
449 512
161 244
932 903
717 407
72 382
8 513
579 458
265 182
449 689
394 274
547 808
290 323
475 837
214 226
209 418
925 492
104 136
199 267
91 898
294 229
136 48
337 518
752 611
859 409
570 604
882 794
308 220
902 631
173 893
299 718
467 544
928 693
639 670
126 807
398 182
929 66
863 454
596 244
244 694
890 352
411 57
72 611
192 242
38 504
459 789
867 144
133 476
227 305
66 727
325 868
92 913
33 977
22 844
729 192
657 99
148 786
581 438
848 722
170 994
468 259
473 691
225 987
629 456
850 487
961 902
197 92
970 988
81 563
637 606
474 610
681 656
404 841
540 499
119 908
802 612
965 232
824 916
89 797
573 499
7 493
449 849
37 854
663 742
150 415
633 457
55 781
106 459
463 395
149 221
388 635
957 886
194 950
746 251
503 224
458 995
165 396
202 841
632 254
148 468
82 739
324 676
333 434
234 585
347 378
164 823
384 671
812 695
483 251
981 437
968 589
274 194
559 749
768 420
643 560
97 734
459 979
133 286
482 400
924 63
856 669
393 417
142 228
209 825
49 940
293 41
131 130
523 872
529 491
322 619
736 721
299 255
459 654
779 879
361 908
839 867
476 331
601 282
969 478
509 397
718 707
352 456
176 742
982 792
360 869
415 393
590 569
311 40
153 186
906 600
317 631
374 584
177 12
943 755
180 869
641 669
93 912
813 109
831 646
250 806
802 904
580 264
895 271
461 989
45 158
598 970
125 400
162 410
439 938
815 292
586 533
698 171
203 763
789 80
385 362
745 140
548 425
901 647
877 520
422 261
495 337
225 821
488 385
342 492
270 377
882 241
65 905
618 567
838 780
289 783
53 152
221 774
95 893
925 468
319 869
69 850
307 869
648 871
955 869
942 905
355 81
442 650
636 166
69 739
288 118
843 964
476 747
645 70
248 890
88 995
471 780
734 88
956 684
443 579
274 332
800 128
88 914
171 211
252 925
326 508
666 634
108 127
151 227
870 761
687 925
144 883
918 323
443 801
321 653
639 261
986 649
410 77
670 999
126 315
842 72
576 52
287 470
158 630
639 123
823 352
715 603
455 860
594 936
962 157
871 84
478 354
310 460
702 962
651 256
689 213
176 992
819 630
456 112
307 275
443 346
797 615
871 826
124 669
570 291
419 469
955 231
802 142
219 32
368 806
310 153
135 274
868 659
209 10
660 72
86 688
769 488
402 659
975 526
823 754
727 185
803 665
73 948
495 373
712 349
824 375
533 337
113 976
848 397
149 15
480 769
483 162
467 809
217 660
289 365
865 974
42 111
795 551
498 925
971 527
377 254
199 183
40 580
609 638
964 721
364 901
757 184
653 50
138 700
952 872
365 493
831 235
605 727
507 612
236 94
933 64
96 716
120 575
908 898
675 921
179 198
109 682
938 633
852 231
581 495
136 989
53 850
247 431
424 142
779 516
545 698
433 192
438 883
719 230
351 738
366 422
783 785
254 507
862 762
227 801
410 323
323 702
469 996
608 784
475 363
58 305
538 71
119 856
165 606
486 169
388 753
353 740
444 661
381 206
328 934
864 232
738 753
820 643
125 201
642 971
298 661
650 462
797 365
821 359
769 500
3 940
9 127
474 229
705 615
9 184
941 607
114 618
971 484
423 877
284 405
857 461
927 685
211 442
354 337
616 100
981 820
30 544
1 341
968 673
588 250
311 893
259 734
167 505
460 325
270 941
359 593
142 9
697 342
751 527
848 806
813 812
743 687
568 485
640 562
99 480
610 534
620 899
833 7
411 169
840 997
73 58
681 219
277 512
350 462
297 194
887 765
763 307
764 502
469 580
491 20
205 798
577 395
444 134
882 812
526 380
641 918
952 721
183 875
775 551
245 478
358 215
73 69
261 830
638 494
457 887
520 531
150 178
615 10
67 752
999 427
638 377
824 917
896 482
883 370
741 624
339 484
529 628
470 590
571 17
33 642
146 931
474 308
790 678
820 439
136 490
121 653
404 398
877 547
632 366
281 316
622 265
533 280
458 706
226 614
298 939
190 149
467 880
551 132
700 834
683 20
276 934
406 989
123 67
329 704
95 937
830 84
450 768
476 768
498 564
359 629
970 426
334 781
908 612
782 53
655 297
877 137
753 955
173 514
28 267
929 560
913 75
500 467
691 106
140 220
161 799
57 371
933 378
628 582
465 622
305 965
514 275
419 77
257 890
233 363
713 81
658 594
552 465
116 48
957 582
816 422
154 789
253 233
537 460
322 655
478 842
962 835
301 819
68 194
452 161
55 452
59 769
43 388
512 653
676 656
555 609
258 537
996 437
979 577
711 866
582 622
731 160
966 969
472 261
996 260
944 183
484 112
576 358
474 42
494 41
613 29
377 797
678 587
642 725
113 811
242 145
596 960
284 733
122 587
29 237
157 73
108 618
695 600
75 371
441 893
549 171
605 959
166 25
294 34
246 363
820 46
90 271
5 976
904 65
354 136
282 605
959 933
359 665
594 582
476 667
608 540
783 376
94 105
463 828
658 242
217 418
435 279
623 750
97 820
922 783
340 408
87 957
382 823
348 867
314 575
22 228
44 612
148 698
476 223
188 843
619 105
55 149
884 883
499 279
45 991
672 631
54 855
185 310
183 113
810 682
776 693
273 696
944 279
840 388
903 233
232 408
747 491
984 935
343 508
239 191
955 230
993 943
980 659
488 177
881 910
498 470
355 547
413 159
569 729
887 871
440 291
82 680
764 844
927 938
601 729
279 503
307 930
437 299
938 256
138 968
87 319
694 717
402 965
648 949
242 260
910 277
342 235
362 91
627 651
190 911
1000 375
543 905
75 125
192 679
821 920
435 85
271 507
847 920
35 680
622 748
199 869
460 663
672 471
433 485
732 735
576 760
877 482
856 227
301 873
783 626
629 498
776 484
853 762
34 297
378 730
163 298
455 946
426 920
13 340
435 702
3 322
866 742
81 614
614 328
542 757
14 46
608 785
522 450
898 173
872 902
339 459
675 421
418 966
861 466
723 433
172 89
249 570
984 899
495 69
63 769
985 843
124 273
237 526
880 733
876 919
695 333
21 366
760 648
890 827
119 415
950 293
267 200
261 192
997 246
85 396
412 172
806 420
533 372
20 281
846 997
100 207
927 684
753 291
346 843
699 709
596 879
668 268
959 799
602 56
443 642
933 944
496 163
459 41
249 493
674 524
865 715
386 708
79 625
910 19
87 662
181 605
387 50
5 655
905 433
853 459
726 843
982 673
160 360
808 324
598 129
683 516
408 850
481 428
870 646
567 738
17 194
1 709
728 278
520 167
39 881
667 8
870 529
468 269
585 611
662 781
719 340
278 26
210 836
562 433
49 322
323 639
268 36
861 227
297 524
207 17
675 355
396 320
664 720
737 46
239 806
116 477
610 506
163 36
484 68
60 187
279 650
619 351
414 503
865 431
497 611
392 657
979 823
232 464
474 309
6 188
392 608
567 501
729 220
163 915
521 517
121 893
52 441
527 424
797 334
684 189
660 47
916 401
638 875
873 788
450 127
752 675
345 339
858 19
479 814
511 555
192 601
355 55
13 613
485 696
63 47
397 262
324 890
902 593
407 365
853 141
467 574
912 721
970 427
401 92
184 284
577 219
886 847
333 837
482 1
161 572
36 696
438 764
844 343
916 836
991 384
156 881
307 455
143 629
347 966
922 808
761 256
389 725
304 591
268 490
508 999
472 309
932 791
2 282
353 246
481 57
28 578
361 515
14 621
218 968
899 425
499 653
409 181
743 150
283 668
63 444
813 356
770 143
76 784
261 674
776 666
282 335
266 840
220 23
348 220
519 295
386 417
889 992
84 828
283 811
747 270
289 682
695 102
168 761
775 974
147 113
62 801
560 941
507 323
841 679
788 410
440 264
629 512
171 488
561 800
172 489
318 202
401 549
604 522
871 80
741 87
869 98
337 785
377 796
225 226
643 995
955 665
27 442
16 344
502 740
138 981
177 825
933 534
7 640
113 955
722 535
482 336
65 824
254 82
263 719
964 616
181 834
683 128
441 749
298 174
172 651
912 686
364 931
520 291
904 66
186 952
464 585
781 388
48 776
910 88
70 725
790 690
991 87
99 167
725 103
18 963
37 101
4 370
615 568
191 748
196 922
199 785
498 531
440 948
985 504
317 838
999 814
389 832
287 370
883 753
260 570
600 13
247 698
178 415
487 107
254 370
1 446
643 123
535 57
757 121
227 118
268 236
749 997
589 784
954 511
168 296
386 355
758 861
542 670
301 116
824 991
953 701
457 782
558 100
210 46
528 87
710 867
144 320
880 634
662 134
806 990
7 55
633 593
232 409
177 264
31 445
966 520
76 538
133 621
760 911
210 336
599 686
710 525
862 856
498 471
281 395
410 801
214 507
548 463
290 459
533 125
113 756
494 91
684 255
777 939
924 526
921 785
664 115
629 661
759 714
315 981
195 363
807 80
902 876
461 404
450 935
217 848
454 615
420 723
648 950
259 509
562 868
957 14
18 242
19 183
666 774
403 340
61 816
844 334
905 186
344 508
645 267
455 472
961 115
356 611
393 511
269 148
921 797
957 231
932 516
602 758
820 289
500 734
421 442
313 801
244 627
245 166
783 460
831 277
520 140
334 612
117 412
300 588
504 847
841 368
210 865
616 740
156 607
809 355
336 791
575 844
652 159
528 405
344 189
988 263
625 763
556 87
336 934
392 920
597 629
619 485
214 859
710 828
309 475
654 663
659 811
789 180
557 56
63 947
393 643
728 538
241 470
132 760
133 577
708 459
855 292
141 802
461 197
264 543
962 426
929 230
898 750
858 282
489 661
38 928
864 935
686 736
854 326
32 265
394 480
604 953
199 375
950 725
313 272
112 312
194 21
906 245
472 879
275 204
759 460
781 746
14 171
398 10
93 234
117 572
613 647
796 489
393 394
51 162
326 280
146 178
170 316
192 796
625 202
509 634
751 638
312 677
905 432
246 114
749 361
623 688
402 490
791 900
465 870
669 552
123 197
877 453
956 948
347 422
814 334
322 804
126 486
389 412
532 983
516 316
991 722
553 934
2 89
165 699
793 834
404 301
839 559
272 319
606 846
794 92
686 102
637 46
31 87
927 291
969 146
145 976
21 205
24 735
67 643
267 69
543 89
589 395
664 798
337 10
323 75
768 972
327 627
453 692
493 391
21 272
828 896
778 189
596 854
693 270
342 340
159 614
223 435
977 75
834 756
708 205
53 16
492 592
642 719
609 896
77 938
376 91
99 718
669 166
617 141
342 54
381 532
772 689
313 300
136 211
155 721
66 12
815 467
307 778
915 75
934 357
38 174
475 576
726 27
892 247
179 324
640 754
125 640
441 577
354 226
389 929
473 208
762 502
94 224
459 933
478 67
271 569
887 445
450 544
736 869
218 516
718 949
844 336
903 797
634 140
502 244
602 686
1000 580
204 582
922 809
151 73
504 792
16 340
990 880
98 432
67 803
598 525
299 572
253 532
288 664
757 100
850 454
639 64
804 491
239 598
267 387
895 443
163 114
145 547
555 820
69 649
992 121
59 914
371 100
462 77
154 898
48 129
196 25
672 12
229 161
210 365
216 978
950 81
642 798
628 171
922 428
703 699
831 502
155 881
944 218
910 963
696 587
516 906
724 757
416 498
931 437
879 75
536 35
336 57
815 819
195 875
368 618
848 420
649 341
189 628
730 904
180 105
532 134
354 26
564 279
125 455
768 276
95 911
960 524
155 298
928 234
114 695
55 333
329 476
477 716
354 121
482 34
445 430
411 226
88 917
530 20
668 488
58 885
187 603
444 82
257 273
331 31
165 896
369 557
245 114
83 267
834 465
946 183
529 101
322 765
532 792
592 525
314 573
590 8
395 788
72 615
469 747
295 823
248 168
432 287
88 465
586 112
897 763
515 180
103 668
867 617
686 47
606 774
185 554
524 13
769 510
67 714
909 965
969 170
77 349
900 792
372 303
524 156
673 702
49 196
219 180
515 483
870 501
655 747
112 947
137 762
7 858
531 550
149 387
453 797
205 172
484 997
806 446
67 816
755 290
981 684
527 368
985 297
436 247
610 646
275 179
530 455
126 956
489 875
308 425
682 154
421 246
265 346
303 246
435 38
855 200
158 264
910 53
291 679
255 382
633 554
460 514
99 194
687 973
122 33
13 142
70 833
821 535
588 774
516 59
829 44
840 859
507 726
102 362
520 141
247 744
952 568
866 898
500 132
72 899
827 789
352 499
705 433
379 938
306 476
190 232
921 201
45 961
488 610
34 434
309 636
818 466
340 626
345 776
287 917
606 653
420 678
561 60
390 422
397 668
362 889
73 746
914 976
422 535
746 131
747 614
547 344
668 842
201 869
980 800
272 815
366 67
539 991
793 451
137 359
449 693
592 835
664 80
402 602
958 790
872 467
726 274
621 712
492 508
772 734
707 419
412 221
989 993
485 671
852 723
863 445
133 294
464 643
545 174
252 738
969 442
460 471
452 180
501 430
948 332
274 271
835 690
654 26
880 25
735 917
761 362
597 980
744 632
781 173
982 534
166 79
680 768
684 374
222 139
316 468
102 493
965 801
732 556
1 628
644 778
404 631
166 626
577 313
175 384
179 965
73 74
625 533
419 82
420 505
774 728
847 434
62 818
413 656
714 453
54 866
102 94
339 376
819 514
688 736
162 259
708 345
594 254
701 570
833 994
840 130
489 52
453 401
805 716
827 396
31 372
414 4
676 895
958 764
266 7
261 596
200 287
366 236
521 523
809 844
262 987
814 596
928 515
306 919
744 363
707 97
263 455
674 106
217 749
859 170
473 283
406 865
748 674
622 255
129 592
958 157
856 579
322 163
784 638
532 338
554 502
20 430
32 500
187 570
999 721
322 325
160 424
633 625
812 864
288 332
821 990
770 576
326 599
458 20
101 685
818 884
674 752
786 470
292 403
213 770
776 320
960 493
88 216
715 341
852 26
212 185
785 167
80 987
40 200
852 393
767 30
288 476
58 658
274 823
519 515
370 201
121 370
374 588
358 65
107 323
477 333
638 152
31 74
326 626
867 810
301 816
174 454
395 439
106 585
491 718
310 6
258 613
244 270
816 135
271 665
453 518
76 583
628 180
901 626
479 538
281 429
120 387
52 488
471 486
883 679
148 59
497 879
868 842
831 326
579 505
394 327
227 740
694 986
458 658
370 70
498 147
171 33
321 394
727 6
251 969
132 358
425 500
670 226
454 633
170 710
366 341
631 347
118 394
7 695
786 886
181 832
511 713
592 41
611 279
8 394
687 714
302 556
194 461
657 995
472 215
588 61
458 342
919 423
955 982
406 734
670 559
535 631
57 98
246 8
459 274
169 443
743 577
9 514
729 147
715 480
697 621
37 244
585 875
648 423
407 966
60 42
153 888
121 44
545 658
953 993
36 3
254 740
810 726
301 481
49 392
508 747
935 870
383 293
701 837
262 468
928 272
780 17
582 141
451 413
469 972
399 741
828 261
206 145
542 559
689 773
605 85
438 36
576 325
138 288
926 281
158 935
159 138
141 683
201 384
723 263
505 890
306 893
403 478
202 826
205 73
741 407
784 666
963 165
712 99
73 559
594 379
251 868
640 127
822 732
150 788
190 193
980 995
629 592
882 17
220 936
665 589
316 687
707 454
798 787
431 334
623 218
644 445
475 538
521 142
995 323
479 50
743 929
48 968
259 742
243 663
227 58
890 486
621 406
624 646
1 931
535 554
288 957
905 265
799 881
467 504
85 41
912 539
271 452
627 938
593 526
614 944
958 262
100 618
403 933
300 703
92 569
255 95
537 988
865 511
23 69
672 185
386 35
6 760
614 621
809 353
297 533
795 306
602 808
469 895
386 325
62 998
943 603
641 729
438 145
367 309
559 683
99 792
74 744
471 72
498 358
478 912
48 473
86 609
103 573
725 428
641 20
200 228
224 762
473 480
154 669
375 925
980 801
627 44
699 907
55 288
940 375
687 798
927 907
894 762
631 509
467 856
730 990
693 202
750 405
219 351
543 584
855 874
513 229
856 563
769 539
427 507
263 785
468 741
431 467
570 601
351 104
818 623
502 972
708 687
268 524
964 817
501 268
429 543
142 188
550 9
716 225
726 846
142 303
979 702
553 388
49 613
433 262
325 240
787 551
607 238
954 999
651 118
875 174
607 995
197 438
163 378
273 494
425 571
92 587
219 462
135 785
300 309
679 896
560 548
758 923
797 777
124 995
508 386
145 982
129 457
58 465
314 71
797 954
923 739
410 466
603 631
804 275
405 221
585 290
987 242
988 809
755 78
204 618
638 825
677 951
196 518
294 457
385 547
629 730
397 976
963 923
748 675
655 881
967 963
324 583
309 87
829 574
857 687
924 790
380 122
846 631
328 443
969 820
531 29
294 917
96 908
947 845
159 750
535 594
113 335
294 996
304 868
303 30
771 296
826 965
407 76
924 474
139 690
838 368
210 517
527 924
182 615
753 665
222 868
350 313
922 934
891 631
32 544
164 37
19 794
245 446
192 294
213 720
953 821
771 228
961 534
121 369
909 846
969 35
150 338
119 879
120 55
698 850
914 887
2 861
30 674
975 354
412 873
943 640
659 869
785 738
400 512
292 566
612 899
708 510
822 98
935 641
831 496
389 301
941 368
210 506
428 325
103 581
472 749
716 560
555 498
133 808
25 951
449 707
968 801
738 919
632 398
191 119
817 524
159 725
290 644
238 54
39 3
656 797
983 519
297 642
91 961
165 330
632 731
321 68
325 628
750 175
695 890
536 993
294 945
277 263
298 316
209 655
799 924
530 131
800 930
250 68
639 546
325 918
644 30
757 947
230 541
691 477
199 786
519 316
244 905
444 219
429 777
231 189
382 827
74 72
224 437
823 462
400 928
737 905
760 470
117 167
905 825
196 714
123 890
586 126
771 510
629 60
499 283
465 735
641 764
309 614
491 911
727 588
372 186
159 228
813 103
7 48
524 158
746 26
28 973
603 703
814 159
471 167
550 846
992 502
43 484
733 929
883 76
43 373
280 161
445 697
135 285
161 226
953 382
111 98
204 256
522 237
742 768
873 183
485 313
270 431
423 247
685 736
707 56
854 313
441 134
336 182
359 842
569 40
643 849
32 250
4 797
872 151
302 734
947 743
471 969
497 342
977 972
49 781
748 905
363 429
883 977
916 537
481 698
722 792
799 880
1000 650
434 208
683 911
174 758
748 175
855 645
531 307
787 925
202 199
648 501
559 230
154 354
516 971
70 982
516 180
757 824
463 141
176 581
982 635
533 66
456 725
308 926
775 574
799 436
738 326
757 90
279 412
102 289
763 761
840 833
129 371
488 54
966 129
580 99
720 831
850 174
424 766
816 354
580 475
304 86
656 507
257 64
976 600
333 213
206 29
79 273
262 337
102 914
603 667
784 351
459 503
823 918
737 337
774 318
171 279
537 170
591 283
314 373
962 425
357 433
159 399
518 194
261 187
247 326
998 442
530 756
214 373
882 163
55 607
204 443
795 760
833 557
123 205
512 6
513 883
533 368
829 537
150 928
707 421
602 149
341 239
677 581
40 662
755 433
994 715
27 432
583 671
109 20
592 242
868 327
282 622
1000 343
178 911
326 287
109 165
630 457
112 320
578 172
190 830
672 41
568 490
532 525
667 494
647 844
587 23
255 493
40 210
277 523
169 498
870 698
815 15
602 632
416 565
737 727
719 419
187 754
611 909
596 158
444 131
194 196
418 546
866 932
504 221
712 514
31 818
328 267
830 682
373 261
32 332
120 28
638 354
859 627
328 233
618 972
718 314
757 336
867 816
157 538
174 424
675 69
659 840
915 690
171 738
101 365
301 859
894 426
976 979
228 864
449 629
286 64
548 435
822 54
327 620
794 543
890 1000
228 247
266 404
733 538
337 809
731 121
894 535
717 6
683 506
207 968
483 144
69 983
656 818
697 42
610 733
720 133
95 775
591 642
960 948
172 524
925 458
69 888
214 115
489 912
164 652
493 968
133 247
562 811
228 267
66 186
750 144
878 325
706 880
57 933
166 65
186 771
260 14
902 597
553 709
847 943
1000 706
655 308
217 216
937 55
724 265
283 453
840 774
876 60
455 707
682 261
387 419
795 46
815 35
446 898
911 636
414 708
631 731
585 935
767 395
953 971
643 3
131 823
225 48
852 395
452 889
382 254
755 576
666 467
83 63
328 64
40 813
741 526
776 670
348 216
689 60
963 429
710 650
950 165
495 8
511 778
944 78
376 896
31 362
988 927
198 266
93 573
594 2
650 304
688 67
10 83
980 747
927 812
587 855
146 531
578 526
300 264
192 93
290 274
147 135
336 60
600 529
450 44
119 240
467 787
798 821
389 539
864 721
919 707
694 661
847 877
846 592
669 937
697 288
914 361
847 786
403 685
80 494
722 821
27 233
799 927
128 97
909 367
703 431
227 510
65 463
156 802
677 147
9 512
418 160
491 66
311 503
629 360
496 348
919 244
653 936
576 155
114 886
631 703
231 13
960 248
929 369
944 782
871 509
687 78
681 321
969 222
93 974
846 308
637 753
949 565
567 234
733 158
866 545
794 258
978 39
392 734
409 800
690 755
619 283
73 974
224 865
153 299
589 336
974 442
372 456
907 463
836 447
267 876
52 462
494 95
781 911
173 453
769 275
189 548
429 859
834 827
962 356
753 425
146 281
698 282
493 110
975 976
423 839
6 309
214 72
113 91
275 180
425 359
777 26
796 274
168 896
341 187
353 46
274 4
458 505
647 581
230 845
138 727
87 536
695 857
420 957
447 876
991 38
225 30
765 917
696 132
164 151
787 688
184 472
222 112
577 135
136 347
360 761
89 477
572 414
221 296
743 615
389 664
786 284
970 193
349 132
775 409
887 644
783 633
164 239
495 543
614 611
761 173
89 616
587 645
573 262
866 880
888 296
504 49
602 822
611 749
262 713
914 666
573 375
296 733
633 212
283 969
434 631
516 521
702 992
594 793
357 845
306 573
401 995
54 935
382 272
513 653
522 477
336 696
101 328
599 729
836 253
927 198
694 247
300 434
638 944
750 718
327 907
111 16
976 903
676 769
209 104
707 249
232 151
287 581
695 328
418 276
402 753
510 662
266 320
216 683
609 632
479 882
595 573
928 472
621 709
402 915
315 866
432 646
987 585
327 463
38 134
313 389
276 639
11 869
522 795
772 511
539 540
460 323
281 225
528 779
377 683
485 784
587 296
957 150
283 75
88 929
765 953
363 281
863 92
17 860
100 520
302 324
195 788
308 605
334 981
641 895
434 983
1 728
808 216
576 852
773 518
42 798
573 185
850 478
649 665
176 753
12 79
767 103
288 751
736 409
384 494
481 242
173 220
383 525
432 474
819 662
533 908
625 667
348 70
369 793
421 926
480 54
978 461
980 204
11 926
750 793
42 824
616 294
58 443
254 251
81 871
922 439
729 935
181 260
831 478
928 663
584 25
196 199
561 831
390 163
416 490
672 376
424 805
356 28
157 93
910 517
967 957
772 701
39 494
633 403
596 793
27 494
834 914
882 754
674 843
927 655
38 162
111 8
209 528
758 417
730 210
754 236
866 402
688 706
84 459
394 885
145 185
78 251
593 571
333 832
830 952
134 883
49 933
156 991
832 280
330 415
550 43
697 741
682 371
313 748
832 268
887 302
173 624
732 749
363 146
183 679
256 924
277 558
226 134
745 910
464 799
563 61
896 920
640 818
165 889
114 851
425 644
419 631
211 151
504 139
533 718
678 425
295 783
775 513
705 461
751 169
466 443
638 445
505 295
841 157
219 529
366 736
311 33
150 225
10 540
413 625
141 465
934 737
372 160
357 820
818 262
109 633
110 596
537 470
223 991
344 713
638 816
405 142
46 656
908 283
345 837
552 757
625 993
111 874
404 74
578 877
708 156
964 2
915 574
682 735
8 994
405 864
803 277
949 150
629 523
225 733
108 834
828 791
336 61
65 568
431 710
416 357
755 330
994 151
160 890
747 990
829 576
208 918
375 26
89 181
47 679
702 161
668 369
730 182
203 918
616 917
959 8
798 615
783 209
211 275
941 114
834 267
87 853
109 704
754 498
847 563
65 953
796 578
766 929
938 296
221 372
350 392
499 590
942 332
528 640
819 387
443 829
197 507
308 900
476 462
681 298
652 353
156 624
567 598
326 800
205 945
540 494
444 315
871 508
185 701
438 793
357 967
399 742
720 853
917 357
884 1000
429 459
50 896
344 669
186 64
684 327
867 843
686 269
524 152
193 904
145 374
288 828
474 911
983 202
819 797
897 187
756 448
85 656
363 978
198 542
428 442
285 95
74 786
570 255
545 459
450 49
659 319
327 341
256 506
789 704
466 27
171 233
834 939
450 928
694 711
887 827
616 15
268 916
658 268
458 486
441 524
834 77
504 664
982 445
490 919
145 240
511 895
584 569
173 674
383 674
855 534
87 648
887 791
458 216
847 614
648 104
761 481
562 722
174 756
692 881
147 572
763 300
981 349
801 719
841 490
756 245
643 188
679 554
701 110
414 735
563 117
31 971
822 962
936 65
166 586
979 229
529 214
550 684
24 554
26 120
866 558
512 783
361 367
13 334
993 114
331 887
6 537
286 170
620 951
586 227
115 777
560 906
776 855
226 346
818 462
68 241
716 773
275 569
721 665
392 763
512 732
224 782
336 328
188 681
237 520
937 978
24 21
673 952
637 103
765 18
731 238
327 539
517 615
993 687
264 659
211 854
698 240
693 166
416 318
750 297
207 481
474 236
556 930
225 886
932 877
493 81
574 842
96 645
116 712
651 719
781 660
692 273
485 573
769 536
863 296
173 996
924 188
941 890
800 882
678 887
277 680
136 26
670 475
51 966
971 72
991 5
886 869
193 200
654 111
144 916
127 323
458 252
190 655
473 902
675 989
2 385
644 976
226 227
652 459
451 794
748 28
472 351
435 341
843 368
408 711
28 476
840 714
309 777
850 870
93 226
718 989
224 383
79 947
596 15
496 691
780 502
997 21
287 198
879 920
275 774
652 184
799 315
603 938
782 527
287 87
177 105
197 870
869 843
385 100
222 715
724 905
619 341
824 779
987 297
456 143
884 87
858 342
381 235
113 597
555 634
827 497
354 857
704 612
889 552
817 315
927 842
785 805
261 268
851 612
452 505
313 85
557 330
445 592
18 736
792 229
795 710
333 315
915 225
313 311
541 103
212 547
509 588
60 623
7 732
156 58
397 971
682 94
631 145
905 245
170 250
412 451
235 672
87 707
872 942
346 587
423 765
27 188
355 826
230 997
467 437
529 338
63 117
142 159
113 477
187 562
443 684
227 341
426 967
822 872
454 108
754 606
94 7
771 179
260 957
135 707
709 746
359 417
925 814
434 843
578 293
588 552
495 598
595 380
813 717
649 692
124 828
346 976
344 612
258 79
996 888
871 40
728 778
97 760
197 201
291 12
850 229
173 80
120 922
107 724
932 259
571 197
300 85
171 921
713 180
146 879
720 648
849 308
647 916
335 637
209 388
547 61
953 502
480 672
100 329
707 803
284 528
746 199
216 838
413 180
400 788
824 517
72 490
401 724
424 883
180 963
794 625
134 246
637 47
413 37
16 721
181 57
422 317
152 305
996 146
389 460
233 714
622 300
768 203
163 659
353 2
864 612
227 197
257 144
837 863
878 5
761 716
17 695
588 170
256 573
431 471
967 198
790 709
921 922
369 885
939 417
467 480
161 609
899 609
79 567
479 265
378 124
285 704
144 988
914 240
903 892
27 9
775 800
503 516
365 547
331 415
605 493
697 994
284 769
459 563
317 945
362 330
823 459
143 885
844 934
560 641
334 300
481 200
325 471
914 692
220 211
296 739
743 1
398 183
805 570
62 351
158 792
182 130
202 580
3 525
926 286
45 250
547 72
698 228
165 512
495 46
256 730
227 419
764 613
72 37
208 311
742 180
945 662
343 219
402 651
919 914
955 477
224 577
81 72
302 912
125 799
271 927
312 228
39 629
690 680
484 994
394 502
30 153
53 83
169 127
494 191
669 734
938 154
188 462
32 449
624 555
986 142
952 18
915 390
209 607
800 966
104 435
846 733
545 907
912 543
825 486
264 274
887 299
416 701
630 130
743 609
247 904
703 729
374 383
891 579
676 317
523 953
199 640
996 978
259 13
173 357
781 102
490 507
168 379
217 11
830 653
999 46
192 56
605 147
698 567
257 187
828 438
462 236
889 817
936 629
546 594
249 594
620 967
987 460
186 101
287 589
353 764
871 854
267 172
343 409
295 282
577 781
821 340
975 581
876 862
820 570
271 834
68 770
9 343
216 685
103 799
986 465
643 912
146 744
76 361
846 825
371 671
526 639
52 194
111 353
42 440
243 601
389 149
467 717
754 119
366 273
43 798
118 502
964 686
843 823
934 450
701 461
96 996
635 73
105 890
398 191
458 362
4 18
623 73
407 183
960 818
622 800
147 746
518 559
117 344
522 546
198 235
938 291
58 822
313 839
942 282
501 42
206 413
602 583
103 16
686 148
382 999
643 155
41 205
813 599
800 430
468 276
349 23
116 262
249 931
620 246
913 786
352 404
478 564
740 815
874 377
214 782
175 636
287 86
1 361
41 632
206 162
676 902
314 67
777 674
68 214
345 136
186 121
281 299
817 169
910 894
603 760
220 296
132 730
779 117
584 27
93 583
263 429
871 600
431 959
381 460
132 504
314 391
869 119
447 161
660 54
204 146
882 736
52 166
910 293
893 435
803 951
151 899
904 489
838 571
760 157
553 697
147 808
95 38
394 758
961 396
484 623
679 431
667 350
226 930
498 703
715 106
183 560
278 829
791 817
256 763
999 946
526 6
306 93
952 919
429 681
566 950
359 552
705 338
681 523
89 565
75 582
442 335
480 246
5 799
654 388
658 571
19 297
941 168
616 945
141 416
776 641
706 862
67 724
653 325
747 374
250 706
830 227
1 230
153 389
483 868
515 397
224 856
479 752
784 154
427 861
197 635
661 44
720 536
228 775
543 456
655 514
837 683
989 608
870 301
746 343
68 895
72 378
602 92
905 374
798 937
780 652
431 704
329 155
454 739
73 784
869 508
377 918
268 867
105 391
603 128
397 577
697 75
274 140
57 228
919 732
388 132
589 326
411 813
820 135
416 69
750 192
753 236
511 756
436 678
155 288
484 700
839 506
566 598
754 270
501 351
563 460
726 936
179 471
923 781
240 231
331 176
464 991
654 36
431 245
222 42
415 673
844 705
477 1000
297 258
340 416
884 677
634 194
980 112
733 328
330 301
685 485
64 692
266 565
359 170
788 914
845 671
330 444
6 563
158 654
179 689
788 513
129 388
572 936
477 428
465 364
34 283
126 109
267 131
141 678
346 392
625 899
664 813
827 459
812 157
318 722
107 977
646 796
738 853
423 397
63 890
752 949
295 914
141 904
972 682
850 778
155 960
713 514
51 669
226 365
433 362
191 151
85 496
772 736
539 791
542 398
914 507
711 493
103 984
327 484
700 770
555 1
449 126
398 49
347 603
556 621
504 666
247 162
38 123
886 799
688 652
943 460
640 559
53 534
790 593
630 272
813 848
317 129
875 411
485 987
98 16
118 87
49 636
875 296
639 339
654 242
109 624
476 405
739 265
328 388
715 272
607 262
61 382
585 892
219 554
39 469
808 29
955 692
889 214
301 448
893 550
987 545
932 102
865 901
511 403
315 821
747 161
544 283
625 845
292 916
547 405
615 475
580 455
619 73
761 852
875 773
806 897
188 768
736 77
833 851
721 671
59 976
885 420
814 864
428 235
301 883
90 966
248 235
498 355
923 824
525 548
713 476
309 393
916 167
849 140
479 601
890 976
131 77
660 172
608 341
437 117
441 114
959 464
110 721
86 836
217 667
189 581
150 821
876 498
623 148
860 554
772 708
755 260
613 942
426 24
617 299
925 482
820 200
592 103
731 684
809 746
518 258
647 938
463 553
991 7
541 250
852 959
959 997
803 178
965 632
69 563
625 195
308 681
113 311
403 599
888 907
506 238
933 107
847 757
481 420
561 417
652 453
894 26
876 107
889 863
922 847
212 733
940 777
991 731
836 536
747 111
396 489
2 80
331 644
650 964
482 552
969 10
731 137
844 894
224 95
383 574
598 821
239 281
497 650
265 688
944 471
509 62
486 322
715 888
319 356
172 53
30 175
231 538
72 60
112 866
77 240
301 1000
358 667
984 790
345 520
137 308
360 459
323 193
217 582
181 35
366 97
464 25
907 665
871 680
54 81
108 1000
54 450
302 824
678 695
436 6
161 573
709 938
995 305
381 228
579 206
750 37
26 681
668 360
137 240
312 874
189 188
777 525
344 443
50 306
145 190
208 602
74 474
407 48
583 925
472 31
576 917
616 502
856 389
426 804
565 694
454 98
238 693
852 177
107 138
236 302
612 554
224 430
443 908
67 112
861 174
109 713
455 989
650 873
117 206
173 172
690 22
429 194
197 38
608 755
865 4
295 665
353 1000
245 298
482 716
451 423
733 5
644 522
205 748
595 92
742 477
173 78
656 424
183 149
72 770
595 205
449 779
654 854
324 93
254 794
516 851
742 63
926 438
502 463
271 743
366 803
872 462
774 250
389 296
851 405
64 801
926 66
927 808
918 549
423 121
686 577
574 887
752 791
363 888
785 912
96 609
349 881
940 308
273 545
379 310
455 206
458 638
765 683
643 649
441 757
260 95
62 199
669 933
599 292
342 823
60 875
808 599
768 230
293 401
477 115
151 791
691 258
820 422
571 1000
329 453
723 661
960 289
613 553
338 653
84 345
820 341
623 647
718 920
437 771
666 639
204 530
959 642
71 322
644 938
334 528
240 676
303 799
696 441
550 308
294 630
300 299
418 614
509 568
644 712
956 234
266 562
374 563
633 672
505 689
128 942
22 334
962 781
543 248
581 53
983 993
806 922
520 675
922 379
357 166
249 549
327 786
474 322
183 366
721 707
428 151
466 990
324 448
471 19
633 712
704 686
337 75
319 207
512 273
696 622
162 150
327 560
898 514
459 504
975 528
345 929
894 704
691 626
977 148
190 203
273 858
925 108
376 749
627 372
20 270
955 701
246 674
820 245
307 986
397 707
40 703
699 688
616 114
228 376
269 426
43 837
302 594
394 697
182 996
386 761
631 91
977 592
563 299
454 136
420 776
810 368
341 266
931 119
109 990
717 671
847 528
636 529
202 83
498 525
903 755
83 905
982 636
698 723
258 112
442 8
174 68
841 201
345 960
606 971
701 845
28 665
951 389
461 697
758 945
867 82
749 850
988 142
664 620
811 655
59 98
22 362
499 107
708 285
766 495
381 83
785 750
941 401
214 573
728 518
751 270
668 978
372 441
135 495
67 461
469 322
368 892
310 883
662 388
208 277
336 474
376 854
689 346
423 352
860 261
385 473
370 57
959 467
411 601
998 447
434 244
829 931
170 224
138 770
540 59
646 170
460 153
152 666
225 996
579 213
786 809
679 54
312 992
213 63
460 232
498 951
562 768
445 156
411 788
790 784
442 898
720 544
887 32
910 221
265 383
431 78
770 708
806 14
852 952
640 524
435 184
827 650
472 435
571 641
296 151
754 569
288 517
18 658
292 501
934 908
938 579
776 314
934 824
374 345
948 536
386 836
22 838
107 906
614 515
463 29
763 555
272 152
831 774
596 121
880 515
193 698
124 906
948 830
331 788
723 118
684 26
62 900
638 359
343 345
182 217
850 143
31 492
785 760
276 389
663 763
841 801
971 894
537 959
152 58
544 780
194 909
157 311
158 112
876 861
671 609
936 666
409 574
798 32
11 350
65 521
377 783
873 882
697 188
110 107
256 310
310 633
722 409
975 889
78 424
588 306
573 872
920 844
669 47
88 756
694 642
532 345
95 915
812 569
579 862
828 822
1000 297
195 585
660 645
739 132
316 947
822 909
913 295
397 398
715 159
570 758
307 173
773 819
278 499
878 147
408 890
754 458
650 223
807 173
744 716
221 364
113 419
705 167
709 298
815 46
123 630
273 307
995 682
905 694
361 522
359 51
732 527
666 429
153 790
83 85
560 689
927 326
841 129
292 207
687 454
464 368
106 225
931 912
144 462
733 4
232 834
582 299
159 14
342 113
846 988
903 12
319 325
859 880
452 314
842 622
275 739
464 216
870 336
974 972
494 68
690 119
318 278
621 615
342 392
695 396
760 713
523 231
512 84
975 255
787 346
385 690
685 519
677 695
840 104
220 882
518 425
351 392
902 776
982 58
825 237
203 129
847 872
282 560
247 216
401 166
601 70
540 951
655 486
252 545
398 885
865 522
863 3
41 472
292 908
567 652
164 353
386 935
957 444
724 409
763 698
799 585
965 849
255 49
455 563
444 320
179 917
736 470
878 785
853 135
594 524
850 418
957 670
836 593
766 278
583 452
243 807
352 94
527 807
249 714
177 37
965 4
544 440
641 758
428 25
847 224
29 609
232 627
215 346
896 420
858 186
383 512
422 912
990 800
500 876
157 477
799 18
784 361
987 274
690 639
802 133
141 821
382 336
882 471
55 339
524 506
581 743
566 69
768 908
55 704
43 248
264 763
157 144
579 114
399 215
38 957
111 217
494 211
349 852
405 610
445 917
58 23
160 811
124 84
877 882
329 932
146 274
932 885
702 359
742 612
857 510
843 14
15 20
539 646
847 226
18 235
58 542
215 771
612 199
62 224
601 882
447 227
368 809
374 33
781 479
708 705
929 660
290 870
448 466
668 790
680 669
810 256
95 286
300 694
62 429
14 272
36 840
866 187
526 367
606 57
678 410
2 219
774 869
940 629
79 987
596 247
303 675
676 143
948 692
473 716
149 777
150 50
71 331
283 607
931 987
325 456
953 887
187 59
851 610
670 144
948 970
422 813
793 911
477 398
850 168
10 419
776 377
534 502
279 745
284 949
157 417
360 307
106 475
206 918
44 21
465 104
466 963
712 55
803 320
328 800
366 216
681 892
441 7
426 341
561 790
618 449
717 395
9 340
781 942
980 927
273 607
56 793
128 358
960 831
412 166
341 888
470 84
218 245
570 782
509 562
980 67
940 396
517 671
268 805
6 439
647 535
449 88
622 965
470 310
643 704
56 486
848 130
385 900
925 691
985 88
714 934
930 747
382 520
697 716
649 849
189 120
395 537
88 85
450 580
365 599
939 648
601 409
901 781
967 318
888 619
961 993
657 488
892 44
81 263
724 64
176 758
912 58
988 333
352 394
374 570
603 942
842 262
628 267
815 790
27 574
15 837
439 805
831 743
408 135
686 222
619 329
417 335
883 236
594 137
872 635
618 3
836 222
718 222
721 778
24 454
462 709
655 555
693 484
550 562
857 300
439 632
189 645
851 616
764 799
110 249
419 756
722 263
355 754
104 50
898 890
890 724
446 110
484 933
692 322
198 767
610 727
103 69
906 288
284 460
341 141
74 520
57 830
739 822
212 670
643 572
56 386
844 107
777 656
108 430
182 941
661 796
844 80
481 740
816 322
305 566
465 372
895 921
999 665
258 261
313 759
616 504
528 522
231 257
567 683
18 868
310 411
463 210
688 948
908 893
966 207
138 383
679 750
114 844
166 991
375 382
575 495
202 507
423 626
465 603
999 226
656 140
620 213
362 229
418 691
590 517
112 452
666 477
315 57
577 654
841 17
435 704
516 575
777 455
774 591
166 880
232 536
399 574
951 125
901 856
210 211
656 313
417 363
146 875
254 792
29 702
600 742
570 386
94 988
590 961
205 93
264 625
7 235
530 788
215 4
290 445
974 467
354 744
195 488
76 349
212 374
891 416
980 417
744 222
781 839
214 38
748 190
518 430
441 650
208 907
450 968
434 453
659 4
143 415
94 427
886 903
298 148
708 607
507 886
713 935
74 703
294 936
540 944
189 222
339 561
321 974
105 823
288 241
1 645
203 494
222 414
79 563
491 160
429 608
88 926
677 202
826 992
776 149
540 86
300 723
118 78
619 951
212 7
527 840
732 718
507 709
571 712
917 867
993 286
614 750
120 670
710 157
936 106
75 918
709 550
559 456
391 458
583 310
876 316
179 916
481 204
67 919
379 921
493 524
894 328
236 562
421 960
249 713
978 620
859 512
54 802
760 187
390 288
263 50
953 564
955 130
224 904
650 764
512 757
305 329
414 53
162 434
77 293
443 455
104 733
929 412
286 115
287 734
516 960
190 495
600 881
723 925
368 929
494 97
910 599
825 957
191 37
756 739
977 138
49 766
281 691
636 393
820 832
638 715
364 580
988 526
39 476
197 732
217 862
511 516
26 892
290 901
708 691
892 304
52 959
236 172
218 419
694 889
991 44
204 850
963 519
398 720
700 722
386 870
450 609
735 952
459 757
745 952
963 933
528 594
356 843
236 670
718 869
729 413
402 946
409 345
211 229
670 956
982 626
107 84
344 770
311 326
761 183
377 190
639 178
37 498
681 679
774 644
331 874
794 78
637 574
230 124
550 899
93 812
106 190
564 975
551 707
384 213
513 652
646 733
966 610
516 789
675 380
32 746
673 962
157 337
413 199
608 249
607 997
591 480
261 275
997 25
193 407
404 365
902 36
315 922
907 382
953 12
725 624
462 590
565 999
87 359
324 619
902 979
223 359
80 255
688 587
929 996
323 405
588 159
241 12
38 790
591 804
725 338
570 609
888 462
437 566
576 750
773 76
441 563
783 231
986 785
677 865
695 955
865 704
222 455
498 663
431 57
491 482
527 787
934 819
821 739
41 817
830 627
724 466
466 318
544 692
19 774
629 475
461 399
232 799
283 653
379 976
714 123
111 521
296 784
922 108
923 477
430 831
88 402
680 182
384 403
104 620
278 883
340 552
750 803
913 560
110 578
92 89
628 443
888 98
573 518
723 489
799 68
68 210
253 74
359 859
208 469
225 489
985 771
710 560
859 790
665 465
849 348
958 590
742 225
11 195
310 861
391 756
731 193
641 249
24 229
43 195
155 909
199 444
381 441
453 988
772 532
185 406
868 957
68 549
218 214
240 386
94 573
801 417
968 684
17 718
789 480
134 587
542 340
393 323
454 820
492 255
256 64
294 909
647 907
190 882
174 599
934 125
709 947
878 602
624 853
799 710
819 60
93 319
574 310
395 917
162 888
993 354
5 906
644 979
507 327
247 683
718 716
519 997
598 341
558 885
46 73
235 368
699 289
386 146
280 657
906 589
949 681
514 518
864 479
737 71
336 600
558 87
272 420
456 65
223 965
651 352
111 116
567 12
390 142
275 628
820 728
90 957
842 620
113 628
419 437
578 918
779 149
157 281
674 421
350 340
920 29
341 989
472 612
270 475
417 37
38 919
539 926
797 474
928 407
30 315
738 62
424 918
281 839
532 136
75 367
406 14
661 300
172 751
142 947
370 779
697 440
708 600
902 206
678 944
866 432
827 985
838 13
134 710
865 520
140 406
655 273
18 822
221 733
293 240
477 883
614 796
693 251
563 238
32 870
567 654
941 583
148 872
131 122
60 76
316 38
905 583
908 866
377 48
880 169
202 397
404 577
520 874
4 411
151 468
121 59
374 647
790 133
965 992
641 554
54 513
843 396
239 527
729 549
468 447
767 37
804 49
478 752
597 614
196 321
968 314
767 138
606 780
993 217
22 333
633 178
871 216
770 387
898 65
132 888
386 408
940 983
465 497
11 45
5 433
539 679
823 138
367 510
152 197
171 291
798 348
30 234
181 824
234 321
676 696
972 599
438 351
521 761
354 794
63 870
638 610
431 898
267 869
731 152
769 507
897 302
95 838
495 267
426 270
393 991
19 861
952 330
114 13
522 100
467 839
506 675
54 393
114 412
80 20
222 575
523 402
726 383
907 563
13 704
750 113
971 324
683 72
631 310
534 280
52 9
227 839
350 786
669 902
708 700
583 832
584 610
111 822
693 850
458 371
212 326
198 369
861 559
244 727
133 490
84 376
340 226
892 535
360 736
786 388
535 259
867 243
460 651
139 754
922 773
658 202
520 183
632 973
947 216
586 440
70 89
698 734
308 870
918 491
601 349
340 311
235 171
897 684
628 642
413 608
6 640
300 869
466 125
818 230
68 473
417 583
650 959
724 780
488 620
111 714
970 430
667 537
3 620
632 18
686 307
135 91
859 781
701 334
718 192
955 286
168 700
150 636
686 418
301 896
985 855
196 234
275 285
721 957
59 690
834 628
873 10
746 280
195 18
573 933
263 469
926 175
768 25
845 37
685 572
651 884
781 829
907 718
657 759
161 480
787 404
492 502
16 970
480 826
212 394
694 677
476 898
898 950
830 421
635 223
928 189
785 876
520 279
544 397
156 67
892 341
565 297
33 342
726 980
657 819
530 195
549 869
164 453
274 261
293 39
106 564
985 207
784 693
827 764
807 514
596 311
872 212
800 308
123 623
311 308
830 624
836 757
503 888
923 303
342 278
70 212
755 620
457 145
165 672
837 126
784 6
110 720
914 761
40 278
81 958
554 812
102 84
174 321
343 346
842 407
300 289
508 39
336 524
686 220
374 792
323 790
767 979
751 446
8 894
371 2
82 435
49 92
546 482
656 366
509 912
475 96
702 571
688 95
779 104
675 171
894 317
94 881
594 425
778 160
138 195
525 981
860 484
595 625
842 841
988 576
882 255
898 888
829 964
901 439
816 721
623 180
256 440
419 980
333 646
249 962
320 619
104 210
968 635
255 629
119 80
886 504
117 628
483 118
274 592
873 546
69 753
341 124
269 495
548 974
473 172
882 816
496 251
955 964
394 892
624 711
788 237
685 712
961 48
946 420
895 923
795 137
672 444
657 168
141 23
127 242
112 137
166 426
761 268
175 328
862 498
443 896
101 868
795 702
250 378
213 630
922 42
698 309
244 860
581 315
582 12
838 154
482 712
392 845
707 634
245 679
62 935
836 798
819 616
515 355
187 210
978 59
906 684
102 963
270 783
567 15
36 469
332 636
23 697
157 359
285 338
380 848
971 799
589 420
850 912
742 130
177 762
608 162
924 339
621 612
789 587
52 353
187 199
778 471
982 206
360 201
898 975
204 74
441 648
759 280
835 312
284 466
985 331
748 610
99 501
85 170
307 224
824 54
769 971
402 244
553 596
105 821
786 14
972 293
832 496
523 821
467 343
322 558
179 75
967 482
400 364
913 556
376 190
601 422
620 390
844 766
629 368
518 891
886 65
581 509
489 97
88 190
398 517
403 881
633 998
211 184
827 770
527 665
897 752
776 723
689 886
852 294
581 160
767 181
951 466
888 89
149 980
723 51
580 488
263 44
469 155
876 627
52 885
202 590
951 875
462 436
45 244
977 303
447 288
84 622
927 234
334 242
923 851
565 638
253 121
76 413
167 903
594 369
850 775
669 321
531 672
104 754
149 174
834 819
284 272
176 425
416 152
642 650
319 830
892 108
237 97
938 132
920 647
830 398
122 995
325 718
271 296
536 855
403 352
669 901
618 831
857 157
143 354
352 630
95 101
957 138
868 315
528 950
421 477
886 131
479 363
433 391
273 222
758 457
100 739
653 883
934 868
370 941
233 931
546 936
891 601
669 590
143 806
386 57
413 695
978 703
902 550
31 833
783 758
404 951
511 265
413 154
631 520
754 605
357 915
448 913
639 13
326 918
607 547
809 504
594 894
277 178
68 361
306 418
14 851
589 697
736 211
721 513
229 314
671 919
249 596
676 385
606 632
898 337
103 422
361 3
219 237
384 70
926 498
105 6
124 294
660 314
242 921
223 596
519 145
29 789
640 166
767 749
94 805
310 998
815 783
216 691
364 539
648 608
540 566
99 734
704 940
857 430
346 941
57 182
354 496
835 355
503 17
251 120
961 974
925 181
755 440
829 641
668 257
62 48
172 688
854 60
30 530
164 736
286 715
94 353
169 624
30 957
716 132
888 801
636 851
451 997
565 345
737 524
355 373
728 249
670 764
680 892
862 132
38 378
187 668
922 729
84 989
725 148
359 442
749 750
491 2
149 584
528 32
80 859
468 380
136 605
235 249
805 189
799 535
461 631
870 925
391 268
528 350
766 706
408 343
269 880
922 60
609 133
899 457
353 967
651 408
279 443
338 149
779 669
638 280
162 679
309 564
914 758
534 183
595 71
483 993
451 351
949 708
676 908
982 700
474 740
918 833
996 673
577 961
159 167
254 227
737 283
702 791
667 752
968 81
465 753
475 99
718 221
663 612
189 785
394 199
76 41
290 404
897 228
607 987
846 129
906 122
410 877
798 452
823 659
555 273
919 976
594 313
975 980
414 956
588 479
7 661
441 770
225 939
65 958
561 529
311 945
789 513
665 531
43 995
134 446
375 14
161 301
364 797
934 401
78 747
264 99
670 431
752 446
109 239
795 874
744 786
69 641
251 354
109 128
30 808
95 194
256 764
913 384
107 240
70 495
319 532
35 508
917 518
226 369
709 356
559 578
197 400
127 979
257 987
386 225
885 35
47 820
444 303
989 5
738 263
760 307
139 360
90 758
641 750
521 912
297 740
997 667
409 930
525 308
999 509
235 400
244 482
873 278
968 506
291 275
516 856
189 964
872 602
330 535
654 970
125 18
882 431
276 20
43 259
500 554
987 40
806 684
419 516
204 278
901 648
98 137
293 600
760 717
299 443
725 92
25 735
178 667
74 984
147 108
995 336
62 121
568 222
329 750
945 817
191 428
929 787
324 835
151 786
298 290
762 783
726 930
713 301
734 361
331 277
365 506
442 809
848 988
23 340
869 954
965 571
639 468
35 698
675 981
493 598
593 936
245 213
943 20
191 787
430 441
527 853
987 908
182 686
662 740
997 247
619 825
1000 965
841 327
473 587
994 191
602 936
876 319
897 582
571 427
790 139
26 108
120 895
796 536
837 164
909 791
734 405
988 304
205 570
228 749
50 809
549 449
903 334
680 807
874 202
712 801
971 988
879 703
129 15
519 382
867 883
872 551
279 705
673 586
712 944
486 271
380 774
73 762
625 901
243 6
998 170
604 21
765 471
419 595
955 357
19 666
817 324
780 584
820 557
275 368
480 562
542 214
18 434
592 851
424 997
756 750
189 571
63 70
267 581
218 29
368 642
612 493
151 739
461 391
924 801
860 755
293 350
973 300
62 21
745 781
657 555
258 116
825 269
556 619
740 408
246 321
49 827
700 638
866 338
893 371
619 630
660 552
499 788
553 405
312 517
95 282
562 349
669 599
162 847
677 124
745 846
942 368
692 927
990 156
59 298
44 574
151 506
28 615
692 526
624 204
51 431
204 21
718 522
791 202
98 767
575 883
867 569
58 337
900 962
650 957
462 247
766 385
241 778
853 863
858 683
241 667
8 836
707 962
546 476
195 246
529 522
181 311
733 874
456 234
738 640
868 727
45 360
157 302
12 631
896 162
451 439
974 415
488 325
285 394
953 160
59 549
977 90
53 15
113 796
795 754
299 387
138 783
803 563
809 562
954 685
886 544
381 756
494 461
811 509
777 61
687 550
959 819
894 850
734 519
113 207
921 938
114 352
356 421
461 883
948 161
217 89
91 688
19 335
312 707
39 688
5 352
372 178
464 526
286 935
587 432
952 787
772 6
421 496
313 735
298 397
497 327
212 459
654 230
423 603
791 923
244 932
170 579
83 955
155 189
430 497
469 597
731 878
330 141
672 368
983 550
662 799
225 34
903 611
210 822
869 55
287 206
349 385
576 75
483 915
120 951
961 519
147 30
230 396
822 704
456 473
140 706
121 467
528 125
103 231
713 55
876 549
144 374
220 1
41 754
81 973
618 252
881 735
196 42
915 700
254 224
935 513
132 818
495 254
775 984
64 940
546 480
769 7
203 719
920 149
849 337
480 668
63 811
745 128
604 221
292 763
189 21
663 980
311 556
172 849
79 878
323 199
930 101
210 378
646 105
152 477
835 32
659 270
116 814
953 45
517 980
958 830
63 993
424 588
4 649
212 555
52 92
481 542
373 536
247 243
599 286
472 199
553 674
751 707
75 418
312 880
317 445
800 5
290 827
94 237
259 440
450 633
929 592
365 422
701 204
596 486
173 627
246 171
196 916
35 622
472 404
143 635
147 636
593 988
278 214
725 183
196 571
198 89
752 254
746 617
454 106
936 1
160 481
421 583
996 913
118 691
927 333
807 562
344 620
609 160
573 325
387 728
853 565
413 584
768 633
637 739
215 333
567 152
456 68
900 317
672 287
978 57
634 567
764 746
709 167
819 923
915 728
2 289
388 696
997 892
963 292
340 813
346 302
971 540
937 897
880 146
820 586
17 867
713 414
401 716
202 98
149 370
389 419
55 616
578 695
261 249
890 645
157 56
265 773
958 943
553 87
881 334
530 757
669 157
377 927
306 235
217 838
750 88
626 26
238 172
973 263
798 690
144 679
496 138
540 797
977 989
852 543
378 162
859 465
860 782
256 676
350 196
332 375
830 242
482 68
137 989
448 348
998 900
447 245
381 926
313 678
942 635
445 417
728 259
88 98
491 431
74 413
406 308
965 715
1 750
917 936
455 665
429 894
118 673
944 585
118 876
316 656
122 355
514 343
435 514
553 203
572 65
832 958
814 2
837 163
175 588
178 352
948 844
842 203
572 48
644 581
889 172
775 700
410 741
842 346
400 697
572 935
906 767
513 311
817 153
452 244
346 403
702 812
81 166
816 95
979 765
618 71
710 639
767 634
733 950
437 233
968 600
24 2
421 961
635 648
724 687
284 588
855 391
185 241
940 135
882 898
816 957
530 647
930 438
398 367
77 400
938 112
426 156
364 576
219 335
784 75
540 579
833 463
16 229
192 608
137 161
948 95
604 713
218 316
458 495
77 583
84 421
907 786
820 17
459 9
169 225
232 558
887 459
32 167
904 234
218 606
165 408
919 332
347 674
672 119
490 702
576 979
878 339
891 746
393 363
35 550
936 443
511 686
540 293
870 612
192 91
376 296
356 966
340 451
931 736
357 512
35 260
988 358
379 964
546 648
965 82
814 801
931 990
842 239
607 557
809 510
961 683
418 870
811 645
281 166
29 576
750 200
572 826
646 721
849 479
963 367
569 548
346 375
915 308
612 590
44 18
107 578
846 171
704 640
378 71
815 777
621 554
716 706
313 177
975 867
686 754
981 738
194 244
242 200
647 765
964 519
532 323
402 24
424 736
521 214
946 383
668 804
142 110
859 488
650 363
290 933
612 224
674 543
52 718
867 50
43 564
373 805
778 545
730 486
754 416
347 858
576 896
448 51
981 151
863 134
715 471
683 629
908 854
800 311
527 908
749 748
224 409
745 809
908 799
504 889
827 991
956 57
831 959
244 891
478 133
469 694
675 916
185 659
295 754
111 77
965 54
981 687
144 472
880 978
974 453
841 969
624 471
253 667
49 174
158 856
401 965
309 724
815 53
275 604
3 589
43 392
408 59
797 575
85 893
860 193
988 910
721 781
354 878
725 845
941 256
85 750
488 248
470 824
860 368
902 419
416 619
522 217
902 120
747 718
163 529
595 602
605 508
888 782
886 658
523 334
774 44
764 250
512 253
877 821
333 643
320 622
105 572
829 926
754 147
935 170
39 369
901 86
69 766
153 851
215 528
164 518
830 215
333 997
796 451
249 410
241 218
947 857
674 547
579 610
406 874
126 707
416 654
878 690
735 111
334 908
335 381
706 355
84 179
476 202
250 167
622 695
843 134
990 59
38 356
79 888
460 718
784 808
876 70
895 250
145 354
164 117
22 232
614 598
61 334
582 839
447 885
174 23
250 377
515 57
386 255
227 907
361 669
602 837
383 308
217 534
849 752
645 823
38 801
943 950
508 587
491 927
628 372
666 73
514 5
932 308
239 314
262 263
376 796
215 317
786 981
326 766
758 669
928 325
201 200
788 314
826 117
361 324
280 81
707 810
673 910
445 860
938 153
774 140
320 829
998 494
67 24
30 428
659 444
655 249
405 167
358 920
55 920
611 600
389 68
468 579
215 726
255 901
91 940
807 50
886 617
548 926
143 410
971 301
919 581
955 884
8 439
181 708
937 382
973 616
668 250
407 134
150 113
798 621
351 805
298 435
562 548
139 893
970 321
41 83
408 874
135 649
283 442
576 742
805 17
946 527
615 702
322 719
163 337
790 286
993 386
409 241
581 395
909 132
166 105
435 517
398 699
405 451
6 664
153 244
225 218
687 697
338 91
348 143
550 920
26 104
115 823
520 731
391 116
803 76
182 155
166 992
104 691
434 305
419 452
112 850
77 288
573 699
466 830
817 859
295 254
479 621
194 975
985 1000
397 810
732 37
664 211
973 119
346 408
377 856
530 644
837 536
289 18
878 204
737 667
746 450
713 667
772 744
976 67
794 892
229 953
13 764
803 998
346 839
437 684
373 558
873 622
543 15
425 253
190 959
219 212
217 67
192 783
857 19
839 103
416 839
78 963
562 712
639 458
142 348
792 785
832 334
193 260
411 333
31 556
736 682
218 881
296 134
130 495
24 790
352 675
633 790
500 283
248 500
202 429
210 564
889 109
619 180
106 769
144 110
435 609
718 520
184 799
222 955
873 26
45 930
67 630
837 134
658 635
951 386
257 178
149 900
500 459
547 305
153 498
823 117
182 103
650 669
263 162
447 321
935 748
516 786
497 960
559 661
176 155
432 885
250 996
452 376
200 273
608 254
383 768
240 824
911 500
15 291
474 67
609 516
831 141
869 90
941 573
925 216
251 799
418 410
147 200
609 629
137 482
436 904
933 590
826 510
773 149
498 863
951 742
857 476
986 248
806 295
441 709
407 488
320 434
636 136
967 240
349 48
203 79
309 796
691 722
948 163
777 650
554 38
937 182
939 480
688 672
763 228
715 121
128 648
122 87
430 388
605 522
454 368
153 993
193 480
165 739
567 950
179 821
830 628
101 844
710 222
808 82
349 110
407 882
531 833
549 165
219 526
726 47
597 681
249 795
732 832
495 794
331 781
962 989
101 447
11 907
619 446
608 973
422 835
205 337
41 752
842 217
836 181
249 629
395 441
324 97
186 14
137 788
560 831
387 813
466 782
33 657
569 583
181 265
73 688
296 204
494 222
267 848
113 732
519 102
996 273
209 65
428 485
176 278
200 412
591 624
168 954
810 836
545 280
12 891
915 890
665 615
351 268
1000 114
764 251
527 265
911 275
656 814
53 146
959 210
962 210
363 579
754 144
242 380
383 648
69 765
401 179
641 786
179 655
696 216
400 501
143 679
915 310
208 798
653 726
527 205
62 412
981 170
965 725
336 558
235 952
199 797
937 76
889 459
947 231
52 513
165 878
102 443
853 721
509 411
383 422
297 463
144 523
766 765
805 815
225 189
702 57
16 240
624 357
236 603
183 124
331 809
685 154
372 171
391 19
158 810
764 760
371 117
888 73
262 260
327 806
71 952
845 933
975 742
387 777
491 422
396 969
999 516
777 558
959 306
547 948
508 8
440 280
792 45
909 626
285 112
87 196
180 346
785 904
309 122
42 327
812 359
941 517
858 165
220 986
539 770
479 191
6 325
119 196
88 552
661 503
114 452
8 297
464 283
686 922
179 256
513 625
859 418
631 985
421 195
832 577
939 266
869 709
728 487
584 587
179 433
640 685
780 993
731 541
937 142
33 364
78 996
84 353
88 100
490 600
736 784
697 526
771 371
517 283
740 596
10 995
176 186
969 654
992 633
865 493
848 765
55 695
176 598
818 925
749 691
58 614
221 506
629 493
575 971
942 458
853 757
240 732
44 484
26 107
616 775
11 757
427 52
536 724
115 905
336 938
945 192
803 254
395 632
898 214
349 376
222 766
7 406
85 978
712 804
405 183
884 423
780 869
943 683
15 552
20 978
314 243
461 64
44 40
372 429
374 27
696 560
909 728
538 408
966 907
93 533
557 230
150 708
483 617
91 166
547 848
767 757
751 208
954 946
521 589
632 328
542 213
813 666
564 565
530 645
399 220
536 14
151 655
479 770
502 673
998 538
985 649
416 156
750 395
209 427
156 342
427 152
307 802
532 96
800 865
194 432
105 763
894 821
642 736
277 951
406 517
618 827
201 581
271 421
838 651
265 886
469 348
273 456
181 584
717 518
654 9
530 107
96 460
18 791
19 530
496 485
631 881
135 748
100 751
491 26
975 835
848 729
278 156
887 664
729 362
110 991
398 741
573 169
900 687
871 388
106 782
469 656
698 586
883 586
206 617
944 710
482 541
11 785
767 853
549 482
384 316
295 558
978 108
48 233
470 560
178 737
366 897
257 83
295 447
333 200
119 731
10 317
211 660
740 127
875 653
475 27
516 787
538 887
298 752
11 221
641 102
626 924
555 408
628 242
243 148
464 167
154 751
837 618
419 705
613 243
209 245
673 806
674 89
768 30
401 539
219 316
668 639
336 240
246 535
872 450
761 262
165 467
848 91
592 80
259 675
834 53
981 962
530 282
640 742
367 691
436 504
240 201
666 925
548 936
118 238
744 841
769 909
517 450
477 773
832 316
61 70
563 45
362 470
435 350
511 203
295 910
169 270
651 343
803 77
745 368
197 440
992 912
69 126
306 352
895 38
19 893
650 973
944 738
600 324
193 690
322 982
508 545
310 491
771 775
685 181
153 92
779 304
482 656
656 69
362 938
509 73
831 748
29 546
703 550
951 893
871 876
358 257
306 676
64 990
157 271
415 638
626 896
509 796
347 161
992 314
612 755
993 599
371 807
906 102
45 474
375 887
410 873
822 178
56 845
147 374
204 381
426 195
325 967
519 252
316 758
498 241
236 38
12 971
285 345
276 944
8 270
855 796
269 202
570 924
75 470
384 529
994 736
242 381
596 668
388 57
674 974
588 8
860 805
5 304
105 950
86 293
605 843
574 222
832 489
316 826
675 869
73 586
315 750
607 18
754 450
293 198
520 22
408 784
597 8
562 655
306 83
587 46
456 572
404 708
993 553
965 869
537 614
97 175
518 803
173 274
690 188
620 189
218 985
537 535
930 887
741 863
482 594
836 613
28 682
140 44
69 82
362 236
236 709
707 720
693 781
961 657
966 642
14 783
309 645
326 621
793 72
442 38
885 498
699 891
871 771
992 504
646 671
423 274
885 611
730 548
971 786
978 876
628 187
663 900
977 389
45 655
137 718
287 624
590 123
829 769
405 12
854 700
980 879
785 911
437 436
242 44
711 626
432 540
694 836
682 884
773 347
777 152
725 562
258 821
341 825
786 982
964 362
850 699
982 50
894 798
701 410
761 759
716 763
711 289
549 710
289 432
933 871
716 121
679 327
338 755
13 777
496 744
634 404
905 367
688 873
784 616
583 120
622 742
458 59
635 361
321 737
681 1
221 328
166 459
244 927
762 269
157 992
853 259
291 870
678 374
575 801
652 277
122 366
912 234
625 637
750 430
54 715
615 926
474 902
106 836
738 295
631 564
267 702
871 65
672 921
287 16
852 455
315 338
957 632
960 956
641 383
721 681
168 567
166 998
81 778
614 188
962 693
582 414
965 302
824 718
62 826
994 513
609 284
37 795
975 709
922 499
923 854
194 602
694 151
56 551
113 522
524 498
998 313
677 992
508 45
664 213
523 170
228 188
928 383
485 299
397 953
327 696
846 876
228 668
470 557
466 648
621 724
603 73
930 283
973 343
556 833
833 460
820 22
639 944
731 301
768 337
323 672
919 762
796 359
863 353
44 306
468 720
562 137
683 223
338 836
265 330
412 495
415 984
677 437
320 374
138 683
503 479
752 329
661 861
613 628
925 600
585 703
342 586
680 645
364 150
30 610
889 273
541 616
514 532
588 645
439 277
282 208
19 545
676 288
948 525
53 943
899 67
791 81
305 238
80 771
876 287
606 944
438 838
991 638
939 979
173 235
141 397
839 570
805 998
241 957
495 768
645 781
536 968
179 663
935 904
242 545
304 13
864 400
608 914
326 693
422 948
704 485
300 16
963 336
637 281
323 945
234 284
785 722
629 949
674 372
177 692
72 478
264 560
48 423
987 20
898 767
332 871
918 982
820 956
734 862
646 16
221 653
685 566
924 914
854 343
582 838
271 117
240 413
204 989
341 643
695 658
792 435
795 532
759 479
82 815
599 374
714 716
661 671
332 299
495 99
818 542
393 441
454 56
640 662
40 930
312 711
679 433
83 516
786 83
473 884
922 691
339 811
325 848
52 696
736 729
866 84
631 852
355 457
304 597
597 24
191 447
921 664
610 81
774 942
919 51
596 172
120 733
581 432
598 502
303 734
987 889
514 363
843 509
849 888
995 518
500 232
266 608
50 139
514 282
558 211
267 406
969 48
741 540
524 118
980 400
604 260
144 847
842 401
845 558
847 160
336 514
851 165
745 362
926 305
788 690
861 260
703 545
814 650
603 757
464 245
968 165
729 257
76 418
522 87
25 597
542 18
502 639
470 25
346 27
424 929
61 564
797 96
699 963
564 413
32 294
416 197
38 844
277 435
82 896
377 624
87 497
716 455
437 738
829 672
540 821
629 504
485 726
401 177
204 770
117 751
48 798
982 497
248 737
725 81
999 598
334 816
982 352
87 836
364 79
240 69
807 591
764 192
924 297
253 705
494 809
813 543
744 226
344 850
182 630
545 503
273 753
944 929
361 753
748 395
757 115
926 992
84 771
158 526
968 899
436 992
102 315
25 475
318 880
267 434
31 149
989 177
37 516
741 560
796 727
749 785
760 22
157 496
656 305
107 593
723 150
700 882
336 381
634 930
301 945
603 721
361 222
362 673
163 976
38 684
78 157
73 42
559 854
375 933
677 971
626 933
589 303
116 794
789 989
759 579
119 416
403 437
417 62
328 719
366 11
350 652
133 938
843 839
798 916
623 97
151 730
694 756
60 619
464 285
104 308
213 510
216 398
434 509
473 97
570 945
536 833
999 660
156 18
910 447
113 139
631 73
853 191
852 289
435 74
22 574
587 124
883 933
807 627
60 212
351 951
77 633
744 529
235 934
244 920
247 535
639 305
309 804
386 47
23 166
5 983
568 637
219 731
40 438
315 236
867 523
705 420
120 900
174 161
747 33
303 519
953 866
510 89
849 384
118 514
46 479
672 922
641 717
92 105
370 583
607 707
858 720
34 302
223 806
719 901
978 25
733 211
693 514
284 207
345 684
226 900
71 926
537 46
98 792
250 500
871 951
730 569
358 718
175 908
125 49
474 507
673 597
224 750
647 102
975 629
299 252
524 499
11 256
824 557
113 666
225 756
137 378
986 449
479 780
201 706
100 119
542 106
746 449
655 777
342 28
489 568
808 880
806 431
437 312
973 342
298 94
7 634
288 324
929 833
587 685
112 56
347 596
131 387
23 739
406 539
208 766
407 310
190 930
377 665
499 874
886 874
891 896
86 354
895 968
71 250
843 101
825 498
633 569
117 328
674 729
374 408
196 1000
878 984
183 738
24 793
467 87
452 641
733 304
400 108
242 919
280 562
758 237
804 461
109 647
322 600
760 257
745 942
534 654
583 419
714 478
464 831
898 9
997 589
724 779
957 923
582 652
525 375
306 854
767 804
163 138
355 509
149 99
812 229
975 299
1 84
111 945
243 233
560 229
618 423
317 851
140 569
548 398
508 195
845 252
427 47
194 814
158 173
859 32
116 575
834 766
380 116
950 264
156 40
755 352
329 983
668 633
468 535
858 155
198 648
916 383
518 479
498 858
320 518
393 222
503 239
358 822
877 990
234 864
194 190
155 372
542 352
29 339
714 717
53 349
570 617
791 579
557 797
869 539
339 512
950 884
43 552
407 203
891 797
486 723
583 67
565 468
228 36
564 424
805 69
465 852
482 874
748 17
308 978
420 52
322 468
639 201
399 926
182 538
700 67
166 611
956 253
249 956
176 751
177 186
732 940
110 872
20 592
2 39
365 769
666 462
794 59
997 528
559 377
739 602
842 271
774 731
338 30
305 175
591 57
81 960
620 543
112 782
956 183
588 382
536 315
920 154
112 569
318 657
11 251
257 351
717 538
377 634
389 330
318 352
124 439
531 625
34 939
471 322
774 55
958 848
315 958
190 318
797 462
270 374
952 265
570 184
845 450
631 465
775 411
122 579
213 360
342 68
949 420
75 463
207 846
66 26
605 935
808 727
275 250
593 267
48 992
507 869
332 328
544 310
394 871
914 110
143 672
165 184
33 691
278 393
212 389
70 879
291 622
754 448
648 45
117 256
248 593
981 183
821 606
52 981
130 291
205 861
593 983
334 515
287 395
571 217
630 113
979 315
999 132
106 821
348 794
121 433
843 908
358 231
196 710
268 251
568 977
274 404
558 236
997 564
304 303
654 515
444 737
770 4
883 437
976 753
811 327
525 302
983 982
233 114
278 646
851 320
447 309
818 395
968 484
396 629
515 505
258 626
716 841
922 413
524 377
928 850
266 89
399 431
432 161
106 280
953 257
717 360
3 826
621 972
312 358
868 891
100 461
391 720
547 774
310 928
683 326
974 331
831 198
669 231
364 601
881 321
579 6
213 268
531 875
754 32
773 234
483 10
268 998
30 733
643 754
271 221
757 752
259 765
955 904
578 453
544 349
212 699
527 12
125 690
809 767
908 677
393 496
503 501
749 509
790 577
669 732
395 715
583 122
622 740
114 903
347 916
987 898
884 570
424 248
806 660
853 257
231 173
910 968
951 660
364 338
165 783
828 65
838 357
888 684
596 229
987 672
414 251
166 683
975 131
406 154
31 251
692 679
71 746
780 2
233 315
676 115
552 417
617 733
543 237
488 903
55 391
149 78
888 104
228 969
551 679
788 363
182 14
666 711
314 254
522 443
727 358
436 653
450 183
65 685
181 255
772 950
755 22
367 228
849 45
591 707
869 34
564 560
