893
892 418
293 188
66 57
752 181
305 454
53 37
133 93
8 3
426 802
100 551
524 325
882 444
122 68
692 599
766 60
164 342
73 525
47 40
605 592
23 22
32 391
31 549
237 290
132 54
217 469
596 4
839 157
522 477
2 89
851 91
500 589
288 3
480 530
671 700
273 156
235 229
10 3
185 87
702 159
286 633
51 60
386 200
508 606
62 109
37 319
98 359
720 760
404 797
274 49
880 711
167 19
110 301
47 71
824 302
384 296
177 33
757 250
2 140
677 107
116 419
637 878
745 621
868 592
787 497
412 44
103 34
360 135
323 28
94 44
244 725
398 553
273 478
632 171
16 190
481 428
358 156
167 517
153 568
865 698
211 261
614 627
331 351
303 329
887 183
651 616
597 95
520 418
415 297
546 773
875 350
416 13
342 774
580 793
102 188
216 62
834 766
642 581
502 566
178 160
784 223
45 564
104 540
731 827
13 7
83 26
622 866
611 153
15 266
890 166
731 421
320 18
529 193
817 888
14 2
436 62
115 80
47 50
758 290
373 71
636 493
671 508
343 47
136 268
424 200
339 88
89 118
174 387
206 495
142 19
519 607
152 404
489 114
79 71
110 734
432 222
48 224
863 266
728 661
705 525
19 16
80 159
14 26
493 200
639 376
380 28
873 763
5 36
193 190
881 165
390 466
667 130
234 347
714 391
180 92
771 195
743 697
51 10
4 640
18 123
120 791
294 794
202 215
113 278
507 278
89 562
513 413
13 38
571 262
781 135
361 25
555 61
152 99
177 448
622 455
239 847
194 814
352 88
567 173
1 685
385 463
417 37
114 38
117 65
213 220
460 384
275 658
623 75
197 177
85 27
877 74
376 221
321 643
476 841
461 293
421 214
18 162
305 400
586 260
155 107
26 136
228 583
49 669
105 537
16 52
165 81
265 648
346 101
840 434
408 64
601 201
19 286
864 11
349 192
156 171
377 724
315 200
608 213
189 482
146 410
160 63
4 170
67 239
165 516
736 214
10 17
316 399
34 64
220 234
336 803
355 136
119 69
806 246
585 536
816 183
534 184
294 169
420 470
213 282
253 722
621 417
406 139
833 141
544 723
487 94
198 128
13 28
357 257
713 213
783 21
324 292
308 666
56 225
144 354
446 308
626 879
264 85
16 58
573 300
347 710
557 542
544 467
220 852
50 113
77 110
600 526
716 71
780 445
157 512
609 759
130 304
173 150
58 181
464 501
475 795
435 804
5 7
6 41
790 347
810 529
191 316
517 750
388 434
380 458
242 198
54 634
465 146
535 697
281 245
221 322
61 397
289 137
81 69
693 369
452 1
233 630
531 811
59 30
620 532
828 419
156 195
762 500
858 455
656 200
27 598
444 484
378 55
497 245
836 849
155 753
360 468
32 17
151 532
213 52
727 592
462 28
377 136
51 56
297 307
42 150
535 273
422 527
660 222
149 779
232 169
155 375
509 654
70 369
409 82
107 6
219 127
668 383
239 862
202 161
521 148
855 713
618 540
223 699
265 511
230 2
181 414
96 40
701 54
459 767
222 885
799 37
504 126
41 45
38 208
127 66
474 322
262 206
340 260
764 207
73 84
389 197
32 183
451 13
856 308
383 309
737 283
28 768
24 42
538 45
839 853
261 679
102 192
110 182
590 848
819 760
302 258
136 672
683 533
421 662
730 421
243 230
40 67
136 488
350 223
46 372
109 444
280 325
556 43
775 277
63 104
533 291
718 104
106 34
38 297
500 281
120 205
44 593
137 46
300 747
102 245
503 238
738 255
86 130
7 305
191 241
637 158
581 325
443 330
635 537
772 73
652 518
494 282
770 687
108 206
541 307
81 577
110 176
7 459
133 789
363 257
820 758
143 603
91 709
186 624
664 301
131 81
54 90
120 246
16 21
570 399
569 147
87 48
138 112
476 179
438 491
74 146
300 165
523 318
328 157
207 661
837 799
595 179
5 4
61 233
32 33
502 826
744 126
2 1
246 891
105 801
363 473
857 800
223 14
270 116
94 153
9 116
79 221
746 323
23 283
2 6
240 238
1 584
457 403
174 515
258 79
733 242
647 360
590 325
617 274
872 146
299 71
616 540
202 579
274 690
226 483
691 616
561 421
298 715
171 889
665 237
201 850
53 168
459 844
558 268
272 832
254 184
156 420
518 119
437 670
756 276
86 174
277 166
69 191
92 528
344 217
310 256
233 682
31 73
700 861
609 454
249 174
14 284
365 88
49 97
333 89
321 475
99 66
688 720
160 591
386 582
174 231
45 57
572 547
143 32
27 14
57 314
510 280
129 471
300 431
676 649
222 269
327 149
194 275
258 740
694 139
634 859
454 599
332 206
673 777
217 188
31 209
429 162
395 576
751 53
210 550
265 455
350 450
821 353
822 854
82 33
884 6
403 41
508 277
138 158
65 326
466 684
161 50
58 63
860 480
390 50
77 76
65 707
176 362
706 93
11 34
439 381
205 396
33 438
139 442
569 625
703 162
674 170
142 337
253 1
357 782
93 204
193 546
235 809
646 505
876 321
130 306
449 243
155 398
574 502
306 338
100 659
68 72
867 399
663 83
742 285
402 641
813 724
374 101
729 63
92 90
582 883
62 32
36 292
360 721
53 100
236 276
80 63
221 655
163 81
564 825
526 45
456 628
105 69
285 433
7 9
98 76
195 345
453 13
36 101
214 41
96 111
123 175
509 485
306 382
482 681
419 456
134 194
11 75
559 24
427 807
626 412
118 199
649 146
426 388
191 485
296 116
339 440
467 311
18 157
519 482
545 448
183 201
300 761
778 94
95 547
229 49
334 31
332 341
348 94
822 727
1 24
275 612
134 79
844 874
259 379
257 23
144 131
341 552
52 203
43 39
486 465
644 52
479 128
755 730
831 550
687 504
411 175
11 2
10 15
274 539
15 40
321 294
37 247
754 531
688 157
169 250
140 172
663 815
144 645
318 765
92 318
7 78
17 37
428 257
166 25
498 129
185 437
145 50
227 16
121 16
265 588
216 435
187 18
401 393
123 368
291 287
2 3
311 145
582 712
505 278
9 560
135 98
531 511
437 490
280 106
20 2
277 312
543 387
678 34
613 163
402 284
237 502
708 289
112 147
208 542
893 615
63 430
221 313
83 226
108 629
42 265
786 320
196 76
763 21
818 281
614 369
658 711
336 15
129 41
2 86
429 580
405 63
141 89
370 273
496 487
655 842
86 108
830 428
186 364
353 309
320 413
583 798
393 213
213 704
218 202
310 829
631 134
48 35
619 466
277 675
225 689
103 769
186 168
464 836
57 70
164 159
33 189
17 251
194 563
808 514
1 4
120 126
464 130
79 93
845 457
16 74
394 124
52 331
285 147
121 638
442 653
302 871
207 256
564 604
240 267
9 31
748 478
388 317
72 565
800 141
179 152
335 281
49 54
8 149
506 383
213 514
447 83
154 109
114 749
28 673
44 3
127 228
27 61
74 823
385 355
304 308
356 35
726 14
166 317
719 415
150 303
48 610
66 587
418 408
392 257
272 196
537 657
812 442
487 602
578 396
252 441
554 323
148 19
107 575
236 80
39 17
70 125
309 173
68 259
92 120
407 44
665 717
169 33
168 211
367 222
134 686
64 124
785 336
207 196
68 21
251 287
95 33
244 207
52 210
508 594
541 650
835 772
792 360
13 88
65 8
34 46
381 170
415 680
9 838
250 425
480 326
739 407
741 232
307 735
3 25
63 271
69 38
139 31
22 4
247 698
74 422
364 366
29 16
12 8
156 69
124 260
732 179
472 776
35 24
221 492
25 49
522 843
91 14
55 43
155 237
596 696
788 429
870 138
615 449
110 805
416 427
149 252
817 629
445 263
166 298
84 128
93 184
383 869
255 95
91 112
472 111
263 202
886 653
592 266
34 76
18 1
66 238
165 548
130 200
178 248
279 207
12 16
695 620
