4670.00079301
4783.08485301
4886.09404301
5000.13697301
5147.20538301
5284.26429301
5415.30478301
5562.37319301
5675.45725301
5789.50018301
5945.60129301
6108.66462301
6294.74393301
6480.82324301
6593.90730301
6708.93424301
6779.97135301
6867.00338301
6996.04597301
7125.08856301
7311.16787301
7424.25193301
7538.29486301
7651.37892301
7782.41941301
7885.42860301
8022.48751301
8123.53519301
8251.63015301
8437.70946301
8623.78877301
8751.84735301
8888.90626301
8987.97467301
9116.03325301
9213.08601301
9376.14934301
9532.25045301
9688.35156301
9801.43562301
9929.53058301
10060.571073
10159.639483
10258.707893
10361.717083
10474.801143
10545.838253
10731.917563
10834.926753
10933.995163
11049.022103
11177.080683
11363.159993
11492.202583
11563.239693
11678.266633
11793.293573
11908.320513
12021.404573
12122.452253
12225.461443
12328.470633
12415.502663
12571.603773
12684.687833
12821.746743
12936.773683
13050.816613
13181.857103
13238.878563
13375.937473
13432.958933
13532.027343
13631.095753
13744.179813
13907.243143
14063.344253
14249.423563
14378.466153
14465.498183
14621.599293
14749.694253
14862.778313
15018.879423
15105.911453
15242.970363
