846 2908
177 421
36 518
238 115
21 727
388 846
246 499
232 72
413 397
125 88
383 373
612 491
134 818
116 177
12 727
162 846
749 266
676 574
269 797
493 310
628 346
665 691
81 444
63 228
231 216
472 591
184 376
759 191
760 65
354 184
579 90
327 601
139 467
620 597
136 521
143 249
6 287
20 7
447 529
763 752
493 564
470 286
539 220
707 677
107 494
665 6
62 40
466 156
288 190
112 748
707 22
268 743
561 568
364 453
535 675
221 76
833 7
135 796
318 4
576 815
189 297
427 183
103 249
30 555
498 291
449 100
419 733
665 162
186 304
522 707
538 449
168 192
812 230
761 524
392 318
763 234
47 157
267 219
455 328
95 225
297 186
501 591
7 608
446 448
215 86
179 625
148 480
314 261
488 258
762 688
174 308
696 533
511 198
612 796
811 267
745 802
263 6
212 161
515 251
309 708
559 560
66 388
135 543
379 512
34 189
454 232
457 340
311 529
165 678
580 539
118 144
150 190
104 254
126 560
434 649
588 144
718 393
424 58
460 680
535 340
743 442
72 716
472 294
623 382
400 612
828 712
119 821
104 412
394 311
362 381
783 677
235 568
474 652
609 66
422 426
662 52
178 782
605 320
515 661
845 796
438 402
337 442
546 686
693 408
432 684
89 266
474 95
150 816
36 220
385 439
206 164
243 730
193 815
474 740
295 29
264 196
637 689
450 198
235 254
164 613
705 744
759 834
592 176
818 51
730 490
311 615
845 416
316 594
540 127
195 778
505 425
274 647
775 255
245 715
449 765
565 146
415 362
511 253
369 841
517 282
676 333
274 476
475 702
132 824
627 444
243 394
706 389
213 366
503 435
378 533
470 119
220 240
292 197
612 623
224 824
116 385
61 85
173 423
456 603
480 513
659 671
548 101
330 185
263 594
156 621
288 232
307 52
491 307
517 425
91 727
387 140
133 400
158 514
534 839
425 804
5 726
569 778
441 741
170 550
617 73
766 540
330 160
104 820
304 459
785 156
608 499
475 405
222 424
24 431
478 54
653 419
308 36
113 625
167 163
45 440
744 374
13 196
679 531
497 728
759 442
192 676
358 807
169 29
839 660
843 266
37 746
846 773
744 331
504 741
77 359
789 240
791 748
748 209
575 661
760 287
601 631
174 139
360 664
694 760
54 685
180 232
423 374
252 635
228 752
65 818
635 327
619 1
105 449
52 613
371 200
480 534
635 129
815 56
52 183
172 727
736 621
588 710
457 92
593 661
444 334
194 706
230 379
290 666
383 427
111 310
61 605
613 555
450 513
276 584
86 216
483 625
317 666
284 467
729 151
159 422
201 161
420 200
563 340
24 91
632 304
297 726
484 464
138 239
610 679
659 780
54 15
398 206
645 183
3 516
519 215
581 21
246 404
138 651
195 355
503 810
416 825
608 558
370 722
76 166
211 35
736 341
215 166
369 5
134 280
299 139
65 780
597 603
362 453
360 395
711 397
14 199
489 297
470 261
843 797
71 644
494 90
441 513
522 225
133 219
320 510
356 95
377 643
139 236
306 133
175 666
694 382
470 195
18 13
204 800
616 757
533 746
458 538
316 262
544 60
595 65
584 813
783 770
643 288
754 88
829 618
702 200
327 791
45 518
463 326
31 130
59 399
787 74
93 282
527 158
792 63
72 306
612 221
384 726
120 143
627 568
155 638
690 821
68 20
514 337
740 710
254 747
58 725
629 410
631 394
523 415
625 659
430 781
419 28
402 393
197 501
755 733
242 398
831 720
426 268
305 417
268 612
605 504
199 60
54 284
2 197
516 660
223 511
712 226
667 512
118 180
710 742
397 526
822 428
75 195
475 742
798 171
842 7
635 395
603 840
123 735
405 147
736 343
613 773
524 539
172 128
301 89
671 366
86 143
17 833
589 646
716 18
40 563
422 760
264 742
300 151
211 276
599 23
659 808
415 299
805 324
200 472
459 94
661 338
278 113
843 174
800 76
746 463
837 345
488 467
659 332
322 145
6 655
536 727
182 332
40 224
573 373
521 188
542 266
670 351
17 826
701 363
699 451
206 241
356 563
332 72
457 106
293 441
830 144
6 397
318 638
373 134
125 80
435 543
127 550
370 652
244 728
525 410
226 573
123 166
440 140
700 648
450 829
89 451
273 316
436 771
371 756
494 121
131 65
43 227
119 404
163 368
290 773
350 233
462 586
319 264
256 171
474 291
261 820
814 32
708 56
808 340
609 226
366 220
655 229
43 798
336 565
464 830
230 545
301 527
358 63
218 837
826 158
494 767
633 802
483 645
443 539
268 520
802 391
552 301
152 567
544 562
428 216
303 701
723 782
113 304
521 691
211 521
13 173
106 337
821 187
269 718
130 331
222 253
683 637
815 477
526 469
486 694
487 203
479 833
588 694
12 414
331 16
441 756
156 400
101 373
200 63
254 651
607 379
332 548
795 830
299 47
299 504
210 136
838 815
824 297
453 233
40 760
129 150
350 46
81 320
154 385
168 827
171 569
596 305
136 719
503 158
164 484
549 400
164 744
610 552
24 293
24 225
303 167
15 420
419 260
603 76
349 731
373 154
49 380
362 582
362 838
238 333
563 491
245 229
691 512
782 361
51 481
72 826
610 688
681 640
717 695
581 103
343 809
66 690
497 652
314 391
129 783
372 689
695 138
431 556
639 203
142 234
146 771
717 590
332 602
193 210
9 844
324 579
54 710
643 464
129 224
702 312
498 385
542 780
339 447
126 244
23 3
705 168
178 438
112 814
713 56
605 399
326 176
826 178
672 49
478 674
228 72
50 635
363 803
217 172
479 191
457 48
61 334
498 297
85 434
808 835
343 442
114 418
810 647
845 76
31 187
87 78
674 326
182 712
401 300
845 595
574 306
742 293
172 840
655 24
397 312
237 441
683 348
777 791
745 797
48 608
301 818
690 796
363 792
327 822
791 729
124 829
694 305
201 745
661 35
116 613
258 429
437 399
120 535
562 658
211 554
397 107
787 40
555 810
367 183
688 222
389 780
484 113
288 113
492 241
754 681
495 745
422 204
405 140
59 701
266 649
731 64
553 143
4 687
115 113
153 678
801 115
31 792
362 698
147 97
224 823
120 392
341 155
470 667
60 162
118 466
462 47
787 422
797 152
472 213
695 434
527 236
683 785
360 423
445 62
209 350
254 331
347 772
132 790
387 688
374 558
603 790
323 472
739 680
683 215
612 517
173 613
639 438
416 522
359 454
463 625
158 224
767 466
710 484
182 588
593 660
741 89
798 613
505 335
784 377
326 815
574 204
279 810
265 514
50 280
675 682
658 548
510 508
238 737
24 632
500 392
801 254
731 182
72 836
345 42
20 25
741 550
590 209
678 328
285 75
268 389
70 692
198 66
242 671
260 212
406 31
465 561
673 703
691 255
6 829
330 301
224 312
540 630
278 526
392 254
357 15
285 290
412 686
13 296
772 641
330 444
277 147
99 367
245 271
29 829
503 471
205 838
101 821
135 234
66 239
603 514
470 543
681 429
833 588
208 676
10 711
462 612
446 738
92 770
735 759
591 713
404 336
608 661
715 587
475 494
794 547
392 116
265 458
168 80
243 350
228 138
255 757
358 488
12 699
548 136
313 140
138 92
478 785
393 511
612 800
552 133
221 699
810 709
499 179
817 234
360 800
111 587
151 1
562 245
569 746
490 168
626 406
311 784
720 394
665 319
722 312
155 268
49 769
122 841
344 824
91 606
93 846
21 17
388 414
794 515
758 782
408 121
836 25
527 745
452 258
90 228
313 375
464 176
400 836
72 309
662 51
773 84
461 786
543 212
394 278
786 532
586 841
698 722
535 485
315 142
28 617
654 461
52 253
17 437
788 380
774 758
231 800
281 199
389 162
154 620
548 809
823 778
700 784
627 752
42 643
480 788
354 811
744 511
119 84
781 231
622 384
659 45
127 707
573 485
99 24
380 701
291 769
721 98
559 196
425 112
541 653
374 61
691 365
488 475
741 659
541 830
105 598
469 771
453 142
590 58
42 756
278 294
686 84
503 178
528 250
235 560
676 106
552 408
223 580
732 525
468 263
73 539
127 503
6 108
560 154
296 347
747 541
633 598
761 188
409 778
217 570
766 687
431 55
532 514
308 799
189 438
117 137
467 222
505 180
488 337
89 309
180 47
200 272
38 133
655 44
562 771
262 573
466 2
801 720
107 169
641 145
456 52
475 807
294 567
840 230
690 232
584 453
678 563
183 208
539 327
649 661
447 335
361 10
88 593
324 599
515 681
743 98
240 47
793 181
562 756
427 358
543 572
285 273
433 115
107 356
720 35
614 800
819 76
268 510
72 337
456 59
311 312
441 124
353 633
134 169
265 174
789 521
782 755
332 549
520 830
121 239
835 528
508 697
757 215
295 256
65 397
363 160
58 830
682 276
80 718
307 255
727 294
187 271
813 26
634 521
503 270
432 576
297 396
632 479
207 113
524 162
543 70
801 409
254 841
627 292
436 517
550 652
164 350
183 25
134 605
331 226
525 273
513 612
291 488
679 766
450 196
378 665
548 192
199 451
457 14
723 346
673 625
815 801
692 320
750 513
697 46
827 837
166 300
811 82
316 620
579 517
158 463
457 675
501 457
49 643
437 82
458 316
719 442
648 196
115 296
411 469
603 600
512 78
126 841
461 615
117 650
464 431
617 383
412 135
431 677
108 695
740 648
719 755
45 665
211 548
5 830
201 249
197 206
694 644
643 361
700 270
383 802
447 65
731 218
72 184
271 354
729 349
718 275
648 203
377 333
693 735
14 629
398 724
555 829
631 466
388 768
584 780
625 555
438 816
563 150
212 488
494 605
201 140
773 735
541 595
469 2
304 131
68 423
52 512
383 470
757 650
424 167
243 493
207 164
428 28
221 100
527 90
669 685
803 56
415 491
308 183
610 489
168 172
632 70
794 790
725 546
525 539
729 461
738 261
426 835
688 71
727 755
361 302
573 123
586 538
296 501
242 369
135 254
458 318
141 158
626 830
48 243
793 535
591 588
740 327
206 746
526 307
507 441
74 844
97 19
769 98
299 159
744 107
317 671
800 845
547 382
177 767
767 332
108 191
571 280
613 705
616 165
136 666
101 104
659 777
512 308
193 584
638 31
622 309
127 436
73 709
313 233
123 309
787 465
374 155
500 393
338 105
602 653
788 432
187 705
276 569
558 359
154 442
392 385
266 422
160 82
797 101
737 198
594 201
832 766
500 175
765 347
71 608
220 363
114 111
354 478
742 32
232 642
682 695
477 314
223 222
299 141
217 434
786 139
553 456
256 216
441 76
704 273
516 421
367 701
80 277
566 545
716 796
422 292
207 589
37 745
429 142
401 545
639 590
646 215
705 521
575 642
691 727
120 310
598 682
366 831
369 583
152 113
390 833
393 841
546 129
107 282
788 521
458 801
742 366
672 156
728 670
529 72
416 63
533 640
571 565
517 108
421 71
367 832
609 659
260 528
652 709
731 616
236 202
735 32
80 614
797 82
70 833
434 750
698 92
789 574
684 95
279 506
815 643
322 686
676 417
108 726
677 72
702 816
309 46
719 56
277 21
286 648
123 262
114 722
79 612
728 362
48 743
54 535
240 333
650 140
728 281
508 526
705 77
256 611
205 117
244 48
262 435
598 791
505 17
521 318
803 237
648 767
759 547
191 55
394 279
251 191
141 180
96 214
576 251
608 584
6 839
614 168
835 224
284 176
360 597
55 270
475 753
759 794
537 830
40 226
259 589
63 709
317 693
301 539
599 396
785 387
422 812
497 496
279 178
301 225
12 276
584 621
588 384
166 576
116 299
706 228
775 324
373 841
124 699
552 773
184 799
11 165
488 705
559 146
740 233
267 505
52 430
839 130
382 396
520 365
315 469
524 666
690 238
545 174
142 731
326 695
516 310
260 354
430 188
140 687
605 647
608 436
684 615
815 609
528 776
647 73
727 365
522 337
340 99
231 769
677 465
489 719
19 654
759 526
228 86
680 432
715 262
787 661
644 189
239 379
633 452
501 731
157 841
491 480
261 470
41 17
830 478
478 563
25 661
320 200
112 575
422 92
333 36
354 382
670 438
380 1
641 429
205 788
114 811
335 350
392 772
559 588
800 416
620 558
549 656
163 714
137 491
284 35
323 614
307 843
144 83
327 296
312 692
480 640
595 700
472 837
610 695
457 688
591 808
709 520
227 253
797 334
638 824
786 170
346 152
437 79
845 66
41 353
21 827
443 303
745 355
551 816
71 658
421 673
278 481
500 238
62 685
236 350
358 265
334 610
604 81
218 193
729 301
190 470
524 306
138 117
401 371
394 219
602 676
257 321
385 436
558 60
84 707
268 493
690 747
180 383
625 478
393 786
195 628
121 15
512 72
731 124
330 840
540 432
139 58
804 592
694 787
702 318
260 802
559 206
134 783
305 651
143 440
680 162
402 45
264 127
190 566
323 201
90 196
113 240
148 655
43 198
717 581
493 480
439 19
539 282
248 583
598 315
487 295
788 608
590 97
682 270
223 215
61 792
445 356
84 721
18 45
96 47
759 747
345 832
416 784
500 302
170 182
743 706
754 56
720 104
828 393
573 757
336 284
83 655
7 702
653 807
269 94
279 560
532 798
582 299
511 236
560 410
834 729
224 526
502 587
262 87
411 418
6 744
492 2
117 87
443 440
160 690
124 739
568 409
589 796
108 340
511 632
771 211
385 359
442 199
389 701
18 140
823 842
646 636
44 729
792 771
450 85
768 746
128 841
770 440
763 61
741 643
478 827
819 294
751 478
406 48
740 727
191 665
414 82
163 814
440 222
276 588
261 778
500 565
768 605
35 85
308 477
661 607
350 767
538 721
134 236
463 174
642 58
208 815
59 501
521 418
602 579
65 81
836 731
599 105
52 284
308 134
366 500
131 785
184 491
729 107
819 787
470 406
18 824
647 524
355 575
799 696
603 325
400 248
55 7
220 691
685 140
157 595
484 677
140 775
470 368
735 172
20 138
296 371
408 514
781 127
217 151
139 532
274 310
591 151
45 271
446 55
165 637
843 212
256 415
622 644
168 273
538 688
524 679
380 414
721 318
271 217
132 548
689 575
157 556
691 89
57 716
807 776
95 10
422 238
631 691
29 530
263 527
747 485
484 350
224 305
810 728
206 449
120 600
430 340
93 486
573 422
294 647
485 210
739 691
618 163
124 568
643 195
558 487
301 774
360 616
628 111
132 756
545 600
486 519
362 202
625 704
278 275
839 331
604 135
145 430
701 81
614 658
483 803
800 532
379 754
625 802
844 434
494 527
479 695
800 643
504 192
288 705
753 421
510 832
404 120
334 260
816 72
143 72
510 542
131 666
595 417
481 414
118 480
453 405
504 414
50 397
407 308
817 56
409 411
306 129
379 318
490 418
424 292
533 718
393 35
381 433
30 259
712 208
390 749
725 11
356 341
213 300
621 351
844 655
758 461
353 791
89 159
144 764
785 386
605 1
662 200
460 330
6 688
786 214
715 196
733 253
479 677
613 82
830 552
192 775
212 382
601 570
449 293
616 632
530 211
325 32
165 124
166 271
657 649
779 448
813 625
34 712
437 194
789 584
151 46
7 357
837 586
26 800
108 316
222 730
741 5
672 185
48 835
394 262
825 551
825 397
347 362
9 165
54 549
237 620
806 466
132 575
518 555
560 606
405 759
47 1
346 228
133 706
140 711
642 108
135 372
46 619
324 776
111 734
757 674
683 195
763 420
102 632
508 845
320 12
331 237
846 843
523 747
333 629
391 300
595 460
650 276
633 436
136 380
580 213
232 379
307 830
153 769
183 496
6 365
43 325
387 512
597 417
304 226
485 248
125 278
659 399
472 291
40 530
790 349
114 671
278 746
84 112
521 269
307 220
364 526
262 386
143 825
165 134
773 268
3 577
420 823
425 572
389 115
359 720
531 822
201 5
409 80
528 490
505 818
362 16
495 491
625 331
20 574
737 36
668 687
525 343
689 185
547 295
70 602
69 709
520 259
629 730
30 597
65 122
265 360
620 89
360 554
645 93
73 317
535 597
367 794
760 97
760 534
152 832
444 844
104 402
57 196
590 350
593 605
3 829
409 89
134 789
709 595
528 481
86 498
165 572
441 35
729 657
822 781
604 701
185 627
215 686
171 23
342 106
769 235
697 809
628 48
477 70
540 543
499 649
138 490
708 728
141 741
256 113
573 311
432 786
765 816
182 756
435 754
252 588
720 453
535 255
422 149
741 518
454 719
347 629
139 515
447 90
732 788
626 787
147 374
440 492
386 421
8 101
634 484
527 86
548 646
758 272
387 350
211 576
321 296
709 271
657 726
767 25
73 101
128 131
476 569
595 659
830 780
427 324
321 217
543 530
419 831
252 311
768 280
644 379
300 638
617 68
465 215
252 1
710 177
158 242
469 621
660 80
760 7
652 813
541 713
397 390
742 571
837 447
539 830
31 8
465 603
85 268
252 479
589 429
718 638
347 108
3 714
579 363
710 281
657 163
141 18
311 827
537 296
64 340
647 418
209 517
357 831
342 827
183 808
628 414
574 395
151 771
601 367
838 699
31 451
567 582
482 741
436 475
645 233
61 583
260 137
5 773
614 806
153 82
465 176
767 321
215 595
73 810
483 769
299 764
579 651
603 560
694 361
640 720
732 257
201 260
754 274
772 437
403 247
404 292
151 792
120 180
504 158
485 810
531 166
53 123
791 744
373 777
724 551
512 671
87 300
271 750
296 761
172 161
389 677
747 543
418 225
348 53
497 792
391 444
581 65
819 385
160 93
345 87
352 87
831 181
187 315
319 591
268 723
769 691
188 282
315 642
316 268
373 333
657 773
203 741
628 130
265 447
43 380
671 374
431 296
750 661
50 456
470 247
573 741
373 761
780 558
161 653
640 787
814 542
571 236
408 248
799 473
103 395
309 845
537 93
13 239
280 50
405 704
814 691
158 610
412 790
534 306
402 403
689 685
462 329
628 15
488 527
307 648
400 240
238 496
592 31
562 260
504 836
3 41
767 170
808 22
403 705
335 113
621 45
338 224
168 138
691 387
213 646
126 185
647 665
46 478
379 783
208 164
642 33
679 563
210 518
655 122
262 342
28 487
504 256
369 313
456 99
176 616
293 394
301 218
83 602
62 642
89 429
327 336
448 329
832 637
409 105
176 241
68 490
468 23
630 689
93 510
220 746
230 569
144 655
345 591
383 672
187 726
699 75
189 369
482 509
18 174
49 156
530 642
124 509
718 653
402 580
811 247
119 314
252 409
622 776
75 522
132 329
647 666
425 623
745 181
48 35
730 515
323 107
752 540
234 783
110 812
589 380
151 27
174 285
710 819
731 346
90 334
31 843
402 747
832 685
745 841
768 832
417 425
495 549
832 23
119 426
515 695
94 168
97 79
245 383
688 789
83 825
729 514
358 780
731 290
135 393
551 119
419 581
27 163
432 387
657 107
344 293
35 555
453 275
291 456
371 749
449 832
438 353
549 62
309 175
277 475
501 258
545 465
341 707
802 480
605 652
473 430
126 461
366 644
20 293
351 437
448 33
31 296
270 624
153 71
446 426
69 352
588 247
843 377
455 40
93 805
156 560
360 566
561 696
476 680
349 1
66 658
353 403
480 261
61 763
146 192
519 495
188 459
6 198
265 726
709 615
346 229
183 576
265 670
145 432
157 656
139 171
693 846
256 832
629 384
644 296
757 673
719 506
301 262
546 45
403 158
18 402
588 125
241 656
169 518
685 107
334 171
492 716
818 3
360 290
215 252
439 578
455 248
789 61
206 300
667 657
407 32
335 519
249 783
748 138
123 802
15 645
570 76
146 385
700 824
458 72
70 474
280 733
778 177
107 715
621 474
90 700
115 227
39 571
318 200
437 531
145 275
536 114
648 620
434 696
577 304
226 478
688 285
657 738
710 116
677 314
456 127
550 717
735 441
130 687
404 36
44 438
43 244
678 220
304 597
416 579
255 193
718 317
496 204
794 469
559 466
692 639
384 177
41 496
435 110
596 19
410 144
639 512
506 140
87 415
831 777
779 105
520 69
31 634
358 803
416 747
473 59
57 751
683 623
776 656
607 622
308 355
476 330
89 783
439 744
210 834
616 212
634 487
671 118
837 410
400 686
592 365
436 1
296 201
3 735
632 163
134 508
303 339
604 364
738 364
10 162
165 548
520 248
522 196
635 693
662 690
628 393
360 831
442 465
34 632
118 321
356 1
411 470
730 335
841 269
417 344
368 362
698 609
239 738
556 301
593 573
761 563
374 110
608 767
147 522
370 734
794 761
246 830
143 373
490 650
736 750
661 151
277 552
587 370
782 326
798 448
205 262
540 546
201 540
401 511
557 125
706 463
782 637
343 537
126 155
37 127
614 444
688 392
707 372
123 109
676 748
491 84
737 668
576 451
814 264
504 809
696 114
752 127
275 442
666 259
558 454
445 33
263 549
48 789
18 680
34 815
398 674
222 429
668 31
505 255
413 798
363 259
274 666
598 764
655 526
358 698
507 348
343 647
289 121
661 200
494 74
190 553
307 86
235 64
687 276
296 391
244 495
257 16
174 470
288 672
324 739
733 744
226 500
805 150
492 202
809 517
77 725
409 458
501 116
610 619
721 322
498 48
809 43
743 464
138 225
470 513
645 516
721 467
11 616
212 290
551 697
682 462
278 413
649 799
524 375
193 139
356 705
36 711
770 302
555 587
663 465
228 817
843 794
284 611
726 654
69 846
631 252
252 340
571 382
701 68
818 599
601 797
470 205
108 192
85 498
477 448
205 222
763 49
162 527
732 90
303 765
556 264
149 174
600 135
654 51
323 458
507 57
733 501
476 533
152 546
670 825
10 148
532 698
826 558
722 322
101 817
299 738
324 762
53 36
164 249
369 685
558 482
550 232
84 369
37 785
573 244
96 760
137 42
28 655
342 434
361 382
325 475
4 363
543 424
341 512
213 827
380 573
596 545
666 168
243 665
726 523
352 256
424 141
65 684
227 576
333 202
248 636
91 336
50 198
631 385
411 668
820 699
604 18
680 237
757 449
707 669
725 232
670 342
692 426
358 601
161 243
287 599
477 442
99 603
192 65
543 235
636 223
395 107
698 727
643 631
825 376
475 844
365 188
278 115
318 394
266 148
729 834
487 395
750 393
775 590
523 395
282 481
415 752
92 456
519 16
188 430
443 158
500 488
154 807
177 197
16 204
733 113
254 513
633 786
500 287
611 685
319 79
326 696
164 476
812 316
137 460
446 812
390 490
481 341
458 560
393 363
577 708
600 355
399 621
381 185
674 46
344 555
564 726
322 242
253 820
1 718
551 455
75 406
757 734
115 783
426 686
613 666
88 352
90 595
328 399
809 781
440 435
811 529
25 369
596 579
167 355
488 778
711 146
454 564
167 43
685 596
560 755
252 287
142 298
382 341
628 245
761 358
450 717
651 605
780 37
749 765
806 758
419 135
404 817
170 425
425 679
838 616
126 483
643 618
665 647
460 466
633 448
100 108
601 513
674 207
450 728
159 350
697 22
438 387
151 517
615 698
65 439
686 606
329 727
143 540
383 187
833 796
831 313
317 793
765 37
322 689
736 699
789 346
463 565
32 81
553 798
235 54
629 780
557 490
541 667
765 220
766 111
225 396
568 551
465 85
789 385
459 771
29 162
237 688
492 695
200 720
131 760
614 804
285 414
416 589
41 651
578 579
631 719
427 750
410 464
323 785
127 481
589 65
174 642
132 841
461 632
744 246
527 319
450 97
839 68
23 411
725 754
337 721
379 832
173 238
736 730
399 354
205 15
173 411
727 579
338 800
193 35
72 22
95 753
832 390
48 111
839 61
623 602
24 531
129 156
547 321
722 301
362 25
714 498
420 172
5 443
317 751
564 174
665 805
25 24
498 558
669 69
485 820
218 36
112 782
494 706
561 79
746 69
766 826
177 326
343 433
661 471
349 668
630 325
443 685
358 77
827 319
785 122
345 574
509 239
296 89
613 132
155 788
579 835
621 633
182 613
757 644
576 176
684 177
408 546
800 456
416 343
35 325
515 632
642 144
365 279
311 176
46 476
617 355
727 776
600 538
68 411
692 128
273 707
546 50
4 821
131 839
423 502
561 270
544 119
781 683
599 164
786 694
348 42
78 312
579 671
419 740
21 237
477 48
498 544
746 619
388 675
236 642
716 844
588 550
628 587
602 340
781 286
489 422
624 274
844 181
579 365
433 449
792 479
96 804
705 842
834 677
114 810
232 538
766 475
566 601
514 6
382 448
638 236
353 718
282 604
194 20
782 730
785 729
272 111
270 436
368 51
593 571
314 211
246 801
190 187
24 249
784 517
341 352
180 568
144 425
779 108
790 80
245 616
572 230
814 417
464 288
581 181
157 280
160 548
341 166
16 302
217 419
205 737
759 645
192 698
227 726
625 511
254 587
322 431
377 623
439 341
424 349
477 461
315 286
119 748
782 104
205 574
627 412
448 431
167 698
191 553
689 446
662 491
701 217
25 790
429 65
32 443
13 247
14 255
586 196
571 693
1 346
402 101
424 693
151 105
321 83
704 469
219 770
55 615
811 710
355 172
637 829
642 673
292 557
338 649
81 726
103 541
106 259
363 659
677 200
550 531
314 795
614 797
284 658
689 682
840 511
711 838
270 571
734 561
739 149
754 636
403 333
186 839
47 433
765 529
548 604
567 336
805 560
735 169
35 45
741 690
392 456
281 364
247 276
140 68
840 221
252 499
608 105
199 555
383 350
695 125
66 454
38 735
609 804
846 571
812 50
296 543
176 340
423 29
806 720
420 544
403 777
522 804
134 221
652 384
543 228
587 278
396 2
235 373
259 371
462 617
467 833
599 120
91 756
594 514
445 437
302 294
394 600
200 647
112 84
183 44
717 745
723 75
690 384
357 388
359 352
507 379
734 116
295 519
441 524
247 231
154 837
653 519
452 98
769 363
183 775
481 696
79 269
651 132
282 116
504 519
708 776
788 830
185 794
632 109
812 811
173 254
768 791
521 598
295 250
484 718
505 583
626 403
607 578
346 428
