860 986
321 610
621 396
624 688
216 156
362 135
306 696
120 80
292 273
447 122
239 454
79 234
377 596
419 669
680 753
729 533
413 260
415 817
171 108
211 744
315 855
119 13
813 397
33 343
257 164
546 196
432 630
456 167
528 25
165 34
16 251
621 544
99 530
31 710
379 409
364 523
746 305
719 345
602 663
835 87
304 515
604 128
165 376
768 118
326 697
575 429
671 152
355 70
600 108
730 845
207 26
546 656
540 255
369 467
119 464
798 750
10 711
2 405
99 613
629 253
180 397
733 472
616 668
19 96
262 821
844 776
755 794
27 445
693 430
497 299
142 785
348 555
201 328
289 135
34 555
197 152
218 231
770 557
45 71
735 408
227 477
37 389
274 34
635 230
407 395
14 513
782 297
347 56
502 118
177 598
87 653
533 173
632 841
753 293
266 702
376 797
241 9
277 512
747 837
723 7
696 230
442 3
140 312
61 577
389 533
676 323
580 782
552 859
266 50
427 754
282 217
544 746
467 95
543 72
795 245
711 408
81 673
85 520
116 391
518 312
224 703
769 436
814 854
841 544
211 467
529 263
576 153
630 272
349 289
558 809
322 346
519 42
49 392
367 409
215 721
815 788
367 16
405 316
686 766
671 464
615 839
29 683
266 175
285 140
110 90
796 293
155 553
209 718
350 396
384 219
652 833
173 665
491 541
699 552
465 214
324 278
514 185
522 566
585 838
826 185
616 66
420 425
459 299
605 440
468 522
844 858
223 133
157 373
595 47
93 727
105 300
720 527
187 79
136 226
734 839
164 638
167 450
667 61
494 139
379 442
741 133
674 73
597 827
527 278
420 123
413 245
608 17
274 176
699 202
805 191
296 221
788 837
244 313
616 186
512 343
424 546
422 29
809 136
114 34
287 122
253 599
337 153
353 461
804 217
849 569
198 33
616 571
379 349
49 168
669 135
625 714
222 334
177 829
491 444
331 547
577 753
452 652
104 671
495 850
263 715
742 830
612 668
90 409
820 13
228 467
196 70
496 9
634 704
214 113
269 47
809 342
386 161
789 259
438 260
541 823
76 657
135 714
463 8
240 655
353 816
490 297
622 534
656 561
72 736
10 385
659 765
124 407
723 196
148 126
857 647
765 341
409 27
124 161
830 581
317 451
780 362
427 307
103 451
155 250
431 638
483 353
754 580
532 384
395 480
813 476
420 363
165 96
706 328
505 533
55 749
114 773
716 67
810 500
764 69
209 316
107 487
848 623
312 314
710 478
423 613
770 515
328 699
783 688
645 456
220 389
804 809
79 450
396 850
172 621
700 129
285 138
640 423
473 410
359 371
859 522
735 109
438 565
825 244
644 344
585 709
299 370
776 357
463 634
62 378
719 495
90 753
653 88
472 284
157 319
372 161
43 522
425 23
572 661
10 728
386 173
694 402
23 12
621 635
316 499
204 488
650 776
76 399
807 381
588 225
576 410
381 585
66 94
2 715
790 489
471 578
662 526
376 686
424 531
565 528
814 110
717 9
133 316
525 14
815 670
184 415
52 624
835 333
731 124
339 593
318 329
663 402
367 189
766 127
507 107
11 206
547 349
189 548
650 54
582 303
789 504
686 849
740 617
237 653
565 507
229 134
519 397
121 601
366 552
513 325
835 722
21 223
505 718
563 490
315 649
801 289
485 53
231 419
774 10
831 14
742 131
773 282
447 770
571 333
687 591
833 370
6 404
598 724
232 395
532 481
738 788
779 250
572 84
447 88
597 197
399 274
859 581
521 190
694 222
838 33
486 517
649 17
292 106
859 282
657 531
598 88
834 171
348 776
679 836
149 132
362 89
612 515
277 139
260 437
273 592
736 552
330 111
474 39
352 529
35 514
657 443
5 747
204 530
434 238
358 661
235 637
76 549
104 673
580 460
334 213
279 417
584 16
291 315
572 664
446 465
374 217
851 467
488 171
67 756
750 120
640 177
837 399
485 826
378 841
615 593
51 23
162 46
358 15
386 572
81 627
817 614
398 336
603 181
482 501
352 312
700 662
743 729
300 5
838 98
84 592
51 341
751 839
220 677
811 778
9 763
428 807
559 469
483 340
744 178
260 656
113 856
520 152
431 622
501 453
565 496
57 578
515 653
396 790
394 297
324 554
521 46
508 797
58 420
563 487
526 793
1 823
403 484
701 661
238 397
606 28
521 48
475 389
571 706
40 292
89 22
618 732
322 49
686 470
509 152
491 72
631 200
151 534
694 531
611 276
797 725
61 811
652 415
805 695
70 126
74 829
735 778
675 143
325 304
416 495
664 188
171 197
574 520
127 273
225 809
639 333
514 776
403 752
450 821
447 1
712 729
96 566
818 451
825 849
86 269
746 650
383 676
657 733
168 427
693 577
578 468
403 827
448 230
777 272
793 142
5 21
713 773
248 458
262 228
4 180
31 425
789 278
299 194
221 371
294 639
599 526
19 555
169 10
487 140
771 786
280 504
269 576
388 818
612 322
391 61
478 839
404 558
700 792
449 213
819 466
731 571
563 413
132 778
846 659
481 621
678 159
342 304
93 64
553 618
494 844
669 13
506 145
768 361
258 88
20 334
631 335
559 791
581 350
244 250
118 499
7 245
366 428
132 200
233 809
466 826
676 621
115 386
171 481
792 535
339 279
847 622
186 518
835 603
180 353
541 507
488 505
633 240
464 741
777 356
470 781
191 809
389 454
714 717
164 750
390 85
93 822
187 839
314 796
162 847
405 684
422 814
155 640
409 637
467 658
783 505
723 336
683 324
277 584
243 344
733 396
724 860
8 658
814 516
736 297
292 386
253 411
102 225
279 815
497 594
602 728
339 284
640 63
282 515
547 74
72 28
118 453
579 853
261 569
118 534
609 132
653 8
386 435
831 309
18 44
163 399
474 501
2 422
88 775
91 652
741 589
503 169
507 721
66 171
288 191
324 728
669 462
164 830
54 53
454 851
552 247
1 535
234 435
823 705
410 373
377 748
507 627
112 155
778 534
491 558
305 621
688 228
167 445
713 793
33 786
112 762
473 171
83 124
631 287
755 198
335 71
767 46
557 783
138 850
48 841
373 45
19 217
571 638
241 698
69 218
233 312
431 593
289 468
706 506
460 171
73 744
83 823
806 526
445 574
361 98
84 415
172 304
680 842
633 601
472 185
496 150
274 604
710 301
404 136
510 420
543 714
633 439
403 851
424 46
538 646
623 120
281 356
314 832
351 325
785 844
495 213
764 135
351 757
793 790
664 639
356 452
446 238
637 212
216 716
80 189
502 720
114 755
528 751
758 842
762 531
381 389
805 552
377 631
225 738
570 472
179 156
395 69
818 719
528 382
523 544
600 451
75 609
403 414
4 160
391 799
448 161
412 95
33 315
288 538
171 254
725 571
524 707
138 432
367 341
199 583
259 616
813 741
196 442
391 510
4 790
205 72
282 845
637 523
581 162
295 246
819 725
363 551
339 466
725 442
118 438
182 108
799 718
281 30
101 818
458 394
368 791
572 8
34 759
237 28
410 190
291 723
450 706
815 721
727 37
22 855
25 100
276 309
630 113
311 573
151 456
531 24
628 234
557 669
305 763
830 744
70 661
795 790
847 663
625 157
39 308
150 243
508 482
329 523
614 301
625 247
23 283
15 750
756 173
345 651
651 267
309 352
635 812
727 840
671 495
646 291
660 444
612 377
49 652
149 305
317 133
46 555
387 8
666 238
149 736
422 372
410 119
210 782
707 468
653 144
511 95
519 147
288 484
725 76
235 697
671 302
132 96
696 190
533 564
801 547
263 495
558 261
500 436
848 189
336 770
810 239
661 79
521 689
39 522
647 171
530 533
827 67
329 487
192 449
772 39
433 764
334 261
60 605
61 826
841 719
340 225
685 188
609 271
610 503
800 458
331 635
635 64
431 844
457 763
392 653
36 451
425 372
714 234
591 387
840 11
372 158
544 594
188 706
645 401
489 475
608 457
627 37
127 779
600 551
450 713
144 105
464 126
157 835
552 768
485 280
806 350
55 212
831 443
48 827
623 413
571 196
696 834
187 223
606 263
421 425
308 182
495 313
826 313
26 128
784 739
209 802
168 413
150 285
663 626
170 671
158 110
411 632
434 24
459 828
733 299
167 307
374 393
479 109
211 135
390 433
242 844
457 90
166 105
413 199
223 104
4 334
428 728
18 487
255 347
1 104
818 371
395 565
705 477
299 466
539 201
339 660
415 511
854 575
8 67
521 398
555 606
21 470
291 471
324 437
24 668
441 422
297 375
146 349
362 430
641 742
697 623
98 111
546 472
132 129
259 166
635 311
749 332
577 668
129 428
439 139
618 154
446 535
765 736
33 175
293 718
626 27
284 270
349 25
138 693
308 753
489 396
542 603
383 134
579 406
271 746
384 6
703 438
36 844
843 340
471 210
151 250
158 52
510 454
276 497
827 662
631 57
